,ID,date_time,latitude,longitude,b,t
1,1001-2012,5/11/2012 7:32,52.9237019,5.4307805,-1,5/11/2012 7:32
2,1001-2012,5/11/2012 7:47,52.9237168,5.4307872,-1,5/11/2012 07:47:57
3,1001-2012,5/11/2012 8:17,52.9225568,5.4349902,-1,5/11/2012 08:17:55
4,1001-2012,5/11/2012 8:32,52.9201272,5.4341653,-1,5/11/2012 08:32:50
5,1001-2012,5/11/2012 8:47,52.9201267,5.4341291,-1,5/11/2012 08:47:41
6,1001-2012,5/11/2012 9:02,52.9216955,5.4349181,-1,5/11/2012 09:02:36
7,1001-2012,5/11/2012 9:17,52.9213611,5.4329005,-1,5/11/2012 09:17:52
8,1001-2012,5/11/2012 9:32,52.9211834,5.4329905,-1,5/11/2012 09:32:46
9,1001-2012,5/11/2012 9:47,52.9209574,5.4325886,-1,5/11/2012 09:47:40
10,1001-2012,5/11/2012 10:03,52.9207722,5.4339441,-1,5/11/2012 10:03:09
11,1001-2012,5/11/2012 10:18,52.9209109,5.4341557,-1,5/11/2012 10:18:07
12,1001-2012,5/11/2012 10:33,52.9209585,5.433898,-1,5/11/2012 10:33:33
13,1001-2012,5/11/2012 10:48,52.9210939,5.4335914,-1,5/11/2012 10:48:26
14,1001-2012,5/11/2012 11:03,52.9211244,5.4335606,-1,5/11/2012 11:03:40
15,1001-2012,5/11/2012 11:18,52.921155,5.433365,-1,5/11/2012 11:18:35
16,1001-2012,5/11/2012 11:33,52.9210871,5.4334818,-1,5/11/2012 11:33:32
17,1001-2012,5/11/2012 11:48,52.9211747,5.4336551,-1,5/11/2012 11:48:29
18,1001-2012,5/11/2012 12:03,52.9211024,5.43372,-1,5/11/2012 12:03:49
19,1001-2012,5/11/2012 12:18,52.9209847,5.4338174,-1,5/11/2012 12:18:51
20,1001-2012,5/11/2012 12:34,52.9210775,5.4337497,-1,5/11/2012 12:34:10
21,1001-2012,5/11/2012 12:49,52.9211314,5.4337395,-1,5/11/2012 12:49:03
22,1001-2012,5/11/2012 13:04,52.9210663,5.433262,-1,5/11/2012 13:04:06
23,1001-2012,5/11/2012 13:19,52.9210746,5.4333985,-1,5/11/2012 13:19:07
24,1001-2012,5/11/2012 13:34,52.9206585,5.4338173,-1,5/11/2012 13:34:02
25,1001-2012,5/11/2012 13:48,52.9208285,5.4339508,-1,5/11/2012 13:48:58
26,1001-2012,5/11/2012 14:03,52.9209075,5.433835,-1,5/11/2012 14:03:58
27,1001-2012,5/11/2012 14:19,52.9209105,5.4338423,-1,5/11/2012 14:19:07
28,1001-2012,5/11/2012 14:34,52.9209065,5.4338491,-1,5/11/2012 14:34:02
29,1001-2012,5/11/2012 14:48,52.9211401,5.4332314,-1,5/11/2012 14:48:59
30,1001-2012,5/11/2012 15:03,52.920588,5.4333254,-1,5/11/2012 15:03:55
31,1001-2012,5/11/2012 15:18,52.9208518,5.4333656,-1,5/11/2012 15:18:51
32,1001-2012,5/11/2012 15:34,52.9208919,5.433383,-1,5/11/2012 15:34:09
33,1001-2012,5/11/2012 15:48,52.9205312,5.4332626,-1,5/11/2012 15:48:58
34,1001-2012,5/11/2012 16:04,52.9205795,5.433186,-1,5/11/2012 16:04:10
35,1001-2012,5/11/2012 16:19,52.9205614,5.4331947,-1,5/11/2012 16:19:06
36,1001-2012,5/11/2012 16:34,52.920599,5.4333145,-1,5/11/2012 16:34:01
37,1001-2012,5/11/2012 16:49,52.9210198,5.433577,-1,5/11/2012 16:49:10
38,1001-2012,5/11/2012 17:04,52.920861,5.43348,-1,5/11/2012 17:04:40
39,1001-2012,5/11/2012 17:19,52.9205661,5.4332235,-1,5/11/2012 17:19:36
40,1001-2012,5/11/2012 17:34,52.92083,5.4336692,-1,5/11/2012 17:34:49
41,1001-2012,5/11/2012 17:49,52.9209329,5.4334207,-1,5/11/2012 17:49:45
42,1001-2012,5/11/2012 18:19,52.9210011,5.433881,-1,5/11/2012 18:19:48
43,1001-2012,5/11/2012 18:50,52.9206177,5.4336031,-1,5/11/2012 18:50:07
44,1001-2012,5/11/2012 19:20,52.9205447,5.4330726,-1,5/11/2012 19:20:10
45,1001-2012,5/11/2012 19:50,52.9206552,5.4329125,-1,5/11/2012 19:50:06
46,1001-2012,5/11/2012 20:20,52.920881,5.4332474,-1,5/11/2012 20:20:39
47,1001-2012,5/11/2012 20:50,52.9307454,5.4395176,-1,5/11/2012 20:50:47
48,1001-2012,5/11/2012 21:20,52.9307719,5.439929,-1,5/11/2012 21:20:43
49,1001-2012,5/11/2012 21:50,52.9307393,5.4398451,-1,5/11/2012 21:50:44
50,1001-2012,5/11/2012 22:21,52.930768,5.4398373,-1,5/11/2012 22:21:13
51,1001-2012,5/11/2012 22:51,52.9307134,5.4395494,-1,5/11/2012 22:51:36
52,1001-2012,5/11/2012 23:21,52.9307112,5.4395079,-1,5/11/2012 23:21:27
53,1001-2012,5/11/2012 23:51,52.9307121,5.439566,-1,5/11/2012 23:51:19
54,1001-2012,5/12/2012 0:21,52.930708,5.4394983,1,5/12/2012 00:21:43
55,1001-2012,5/12/2012 0:51,52.9307519,5.4394659,1,5/12/2012 00:51:47
56,1001-2012,5/12/2012 1:22,52.9307235,5.4394279,1,5/12/2012 01:22:09
57,1001-2012,5/12/2012 1:52,52.9307332,5.4394404,1,5/12/2012 01:52:23
58,1001-2012,5/12/2012 2:22,52.9207978,5.4346512,1,5/12/2012 02:22:13
59,1001-2012,5/12/2012 2:52,52.9208619,5.4338172,1,5/12/2012 02:52:07
60,1001-2012,5/12/2012 3:21,52.9208853,5.4337451,1,5/12/2012 03:21:59
61,1001-2012,5/12/2012 3:52,52.9209135,5.4338006,1,5/12/2012 03:52:39
62,1001-2012,5/12/2012 4:22,52.9209151,5.4337872,1,5/12/2012 04:22:29
63,1001-2012,5/12/2012 4:52,52.9209123,5.4337981,1,5/12/2012 04:52:20
64,1001-2012,5/12/2012 5:07,52.9209288,5.4337507,1,5/12/2012 05:07:32
65,1001-2012,5/12/2012 5:22,52.9209219,5.4337529,1,5/12/2012 05:22:29
66,1001-2012,5/12/2012 5:37,52.920918,5.4338013,1,5/12/2012 05:37:24
67,1001-2012,5/12/2012 5:52,52.9209329,5.433744,1,5/12/2012 05:52:20
68,1001-2012,5/12/2012 6:22,52.9209199,5.4337857,1,5/12/2012 06:22:40
69,1001-2012,5/12/2012 6:37,52.920918,5.433776,1,5/12/2012 06:37:40
70,1001-2012,5/12/2012 6:52,52.9209291,5.4337686,1,5/12/2012 06:52:52
71,1001-2012,5/12/2012 7:07,52.9208893,5.4337866,1,5/12/2012 07:07:58
72,1001-2012,5/12/2012 7:23,52.9209038,5.4337333,1,5/12/2012 07:23:11
73,1001-2012,5/12/2012 7:38,52.9208649,5.4339012,1,5/12/2012 07:38:26
74,1001-2012,5/12/2012 7:53,52.9208828,5.4338038,1,5/12/2012 07:53:39
75,1001-2012,5/12/2012 8:08,52.9208437,5.4336826,1,5/12/2012 08:08:35
76,1001-2012,5/12/2012 8:23,52.9207766,5.4335054,1,5/12/2012 08:23:47
77,1001-2012,5/12/2012 8:38,52.9208278,5.4334139,1,5/12/2012 08:38:43
78,1001-2012,5/12/2012 8:53,52.9210184,5.433693,1,5/12/2012 08:53:40
79,1001-2012,5/12/2012 9:08,52.9208986,5.4336458,1,5/12/2012 09:08:35
80,1001-2012,5/12/2012 9:23,52.9209458,5.4337207,1,5/12/2012 09:23:31
81,1001-2012,5/12/2012 9:38,52.9210019,5.4336343,1,5/12/2012 09:38:30
82,1001-2012,5/12/2012 9:53,52.9209213,5.4337047,1,5/12/2012 09:53:30
83,1001-2012,5/12/2012 10:09,52.9209285,5.4337869,1,5/12/2012 10:09:09
84,1001-2012,5/12/2012 10:24,52.9209297,5.4337913,1,5/12/2012 10:24:02
85,1001-2012,5/12/2012 10:38,52.9208968,5.4338012,1,5/12/2012 10:38:58
86,1001-2012,5/12/2012 10:53,52.9209112,5.4337627,1,5/12/2012 10:53:56
87,1001-2012,5/12/2012 11:08,52.9208721,5.4338025,1,5/12/2012 11:08:50
88,1001-2012,5/12/2012 11:23,52.9208853,5.4338099,1,5/12/2012 11:23:46
89,1001-2012,5/12/2012 11:38,52.9205068,5.4332844,1,5/12/2012 11:38:43
90,1001-2012,5/12/2012 11:53,52.9204239,5.4335458,1,5/12/2012 11:53:54
91,1001-2012,5/12/2012 12:08,52.9205047,5.4333682,1,5/12/2012 12:08:49
92,1001-2012,5/12/2012 12:23,52.9204559,5.433543,1,5/12/2012 12:23:46
93,1001-2012,5/12/2012 12:39,52.9205472,5.4332668,1,5/12/2012 12:39:10
94,1001-2012,5/12/2012 12:54,52.9206073,5.4331735,1,5/12/2012 12:54:09
95,1001-2012,5/12/2012 13:09,52.9206099,5.43317,1,5/12/2012 13:09:05
96,1001-2012,5/12/2012 13:24,52.920698,5.4332329,1,5/12/2012 13:24:20
97,1001-2012,5/12/2012 13:39,52.9208303,5.4334076,1,5/12/2012 13:39:13
98,1001-2012,5/12/2012 13:54,52.9208088,5.4334386,1,5/12/2012 13:54:09
99,1001-2012,5/12/2012 14:09,52.9208299,5.4334987,1,5/12/2012 14:09:33
100,1001-2012,5/12/2012 14:24,52.9209295,5.4337867,-1,5/12/2012 14:24:33
101,1001-2012,5/12/2012 14:39,52.9209386,5.4337933,-1,5/12/2012 14:39:28
102,1001-2012,5/12/2012 14:54,52.9209334,5.4337933,-1,5/12/2012 14:54:24
103,1001-2012,5/12/2012 15:09,52.9209257,5.4338066,-1,5/12/2012 15:09:36
104,1001-2012,5/12/2012 15:24,52.9209039,5.4338203,-1,5/12/2012 15:24:33
105,1001-2012,5/12/2012 15:39,52.9209378,5.4337611,-1,5/12/2012 15:39:29
106,1001-2012,5/12/2012 15:54,52.9206862,5.4332673,-1,5/12/2012 15:54:26
107,1001-2012,5/12/2012 16:09,52.9205912,5.4332657,-1,5/12/2012 16:09:39
108,1001-2012,5/12/2012 16:24,52.9205869,5.4330658,-1,5/12/2012 16:24:35
109,1001-2012,5/12/2012 16:39,52.9206532,5.4330158,-1,5/12/2012 16:39:44
110,1001-2012,5/12/2012 16:55,52.920499,5.4334581,-1,5/12/2012 16:55:08
111,1001-2012,5/12/2012 17:10,52.9205116,5.4334168,-1,5/12/2012 17:10:08
112,1001-2012,5/12/2012 17:25,52.9204406,5.4335805,-1,5/12/2012 17:25:04
113,1001-2012,5/12/2012 17:39,52.9204501,5.433504,-1,5/12/2012 17:39:59
114,1001-2012,5/12/2012 17:54,52.9204371,5.4336612,-1,5/12/2012 17:54:55
115,1001-2012,5/12/2012 18:25,52.9204612,5.4335186,2,5/12/2012 18:25:14
116,1001-2012,5/12/2012 18:55,52.9205025,5.4331595,2,5/12/2012 18:55:14
117,1001-2012,5/12/2012 19:25,52.9209076,5.4338043,2,5/12/2012 19:25:03
118,1001-2012,5/12/2012 19:55,52.9206726,5.4328163,2,5/12/2012 19:55:12
119,1001-2012,5/12/2012 20:25,52.9215906,5.4343779,2,5/12/2012 20:25:40
120,1001-2012,5/12/2012 20:55,52.9150708,5.4095778,2,5/12/2012 20:55:27
121,1001-2012,5/12/2012 21:25,52.9156202,5.4087537,2,5/12/2012 21:25:19
122,1001-2012,5/12/2012 21:55,52.9156796,5.4087304,2,5/12/2012 21:55:32
123,1001-2012,5/12/2012 22:25,52.9156582,5.4087235,2,5/12/2012 22:25:37
124,1001-2012,5/12/2012 22:55,52.9170095,5.4092567,2,5/12/2012 22:55:31
125,1001-2012,5/12/2012 23:25,52.9170431,5.4091863,2,5/12/2012 23:25:37
126,1001-2012,5/12/2012 23:55,52.9169771,5.4090986,-1,5/12/2012 23:55:40
127,1001-2012,5/13/2012 0:25,52.9169913,5.409092,-1,5/13/2012 00:25:33
128,1001-2012,5/13/2012 0:55,52.9169824,5.4090489,1,5/13/2012 00:55:48
129,1001-2012,5/13/2012 1:26,52.9170125,5.4090582,1,5/13/2012 01:26:03
130,1001-2012,5/13/2012 1:55,52.9170139,5.409019,1,5/13/2012 01:55:57
131,1001-2012,5/13/2012 2:25,52.9216251,5.4344253,1,5/13/2012 02:25:58
132,1001-2012,5/13/2012 2:56,52.921078,5.4347236,1,5/13/2012 02:56:39
133,1001-2012,5/13/2012 3:26,52.9209155,5.4337726,1,5/13/2012 03:26:37
134,1001-2012,5/13/2012 3:56,52.9209118,5.4337819,1,5/13/2012 03:56:31
135,1001-2012,5/13/2012 4:27,52.9209081,5.4337813,1,5/13/2012 04:27:03
136,1001-2012,5/13/2012 4:56,52.9209058,5.4337606,1,5/13/2012 04:56:58
137,1001-2012,5/13/2012 5:11,52.9209353,5.4337625,1,5/13/2012 05:11:56
138,1001-2012,5/13/2012 5:26,52.9209645,5.4338232,1,5/13/2012 05:26:55
139,1001-2012,5/13/2012 5:41,52.9209241,5.4337716,1,5/13/2012 05:41:47
140,1001-2012,5/13/2012 5:57,52.9209234,5.4337425,1,5/13/2012 05:57:03
141,1001-2012,5/13/2012 6:12,52.9209212,5.4337538,1,5/13/2012 06:12:09
142,1001-2012,5/13/2012 6:27,52.9209081,5.433775,1,5/13/2012 06:27:07
143,1001-2012,5/13/2012 6:42,52.9209304,5.43377,1,5/13/2012 06:42:02
144,1001-2012,5/13/2012 6:57,52.9209417,5.4337961,1,5/13/2012 06:57:27
145,1001-2012,5/13/2012 7:12,52.9209047,5.4338264,1,5/13/2012 07:12:27
146,1001-2012,5/13/2012 7:27,52.9209217,5.4338886,1,5/13/2012 07:27:38
147,1001-2012,5/13/2012 7:42,52.92097,5.4338388,1,5/13/2012 07:42:44
148,1001-2012,5/13/2012 7:57,52.9209768,5.433841,1,5/13/2012 07:57:57
149,1001-2012,5/13/2012 8:13,52.9210236,5.4334382,1,5/13/2012 08:13:08
150,1001-2012,5/13/2012 8:28,52.921093,5.4335227,1,5/13/2012 08:28:40
151,1001-2012,5/13/2012 8:43,52.9211546,5.4337129,1,5/13/2012 08:43:38
152,1001-2012,5/13/2012 9:13,52.9208879,5.4338386,1,5/13/2012 09:13:46
153,1001-2012,5/13/2012 9:28,52.9209124,5.4338278,1,5/13/2012 09:28:41
154,1001-2012,5/13/2012 9:43,52.9208843,5.4338073,1,5/13/2012 09:43:40
155,1001-2012,5/13/2012 9:58,52.9208793,5.4338157,1,5/13/2012 09:58:33
156,1001-2012,5/13/2012 10:13,52.9209233,5.4337688,1,5/13/2012 10:13:30
157,1001-2012,5/13/2012 10:28,52.9209301,5.4337697,1,5/13/2012 10:28:26
158,1001-2012,5/13/2012 10:43,52.9209125,5.4337896,1,5/13/2012 10:43:34
159,1001-2012,5/13/2012 10:58,52.9209202,5.4337816,1,5/13/2012 10:58:50
160,1001-2012,5/13/2012 11:13,52.9209223,5.4337794,1,5/13/2012 11:13:45
161,1001-2012,5/13/2012 11:28,52.9209243,5.4337819,1,5/13/2012 11:28:40
162,1001-2012,5/13/2012 11:43,52.9208866,5.4337572,1,5/13/2012 11:43:35
163,1001-2012,5/13/2012 11:58,52.9209226,5.4337493,1,5/13/2012 11:58:32
164,1001-2012,5/13/2012 12:13,52.9209144,5.4337446,1,5/13/2012 12:13:30
165,1001-2012,5/13/2012 12:28,52.9204194,5.4334937,1,5/13/2012 12:28:40
166,1001-2012,5/13/2012 12:43,52.9203998,5.4333825,1,5/13/2012 12:43:38
167,1001-2012,5/13/2012 12:58,52.9203668,5.4334358,1,5/13/2012 12:58:32
168,1001-2012,5/13/2012 13:13,52.9207218,5.4329806,1,5/13/2012 13:13:41
169,1001-2012,5/13/2012 13:29,52.9209393,5.4339256,1,5/13/2012 13:29:19
170,1001-2012,5/13/2012 13:44,52.9207608,5.4341151,1,5/13/2012 13:44:08
171,1001-2012,5/13/2012 14:14,52.9207035,5.4339316,1,5/13/2012 14:14:57
172,1001-2012,5/13/2012 14:45,52.9206091,5.4329918,-1,5/13/2012 14:45:24
173,1001-2012,5/13/2012 15:00,52.9210612,5.4336104,-1,5/13/2012 15:00:36
174,1001-2012,5/13/2012 15:30,52.9208897,5.4338075,-1,5/13/2012 15:30:31
175,1001-2012,5/13/2012 15:45,52.9209108,5.4338093,-1,5/13/2012 15:45:43
176,1001-2012,5/13/2012 16:01,52.920912,5.4337781,-1,5/13/2012 16:01:09
177,1001-2012,5/13/2012 16:16,52.9209238,5.4337636,-1,5/13/2012 16:16:07
178,1001-2012,5/13/2012 16:31,52.9209293,5.4337851,-1,5/13/2012 16:31:02
179,1001-2012,5/13/2012 16:45,52.9209491,5.4337908,-1,5/13/2012 16:45:58
180,1001-2012,5/13/2012 17:00,52.920441,5.4333307,-1,5/13/2012 17:00:54
181,1001-2012,5/13/2012 17:15,52.9203783,5.4335629,-1,5/13/2012 17:15:51
182,1001-2012,5/13/2012 17:31,52.9207061,5.4326809,-1,5/13/2012 17:31:02
183,1001-2012,5/13/2012 17:45,52.9204855,5.4329523,-1,5/13/2012 17:45:58
184,1001-2012,5/13/2012 18:00,52.9206298,5.4330015,2,5/13/2012 18:00:54
185,1001-2012,5/13/2012 18:30,52.9204771,5.4326854,2,5/13/2012 18:30:57
186,1001-2012,5/13/2012 19:01,52.9205782,5.4330428,2,5/13/2012 19:01:39
187,1001-2012,5/13/2012 19:31,52.921313,5.4345075,2,5/13/2012 19:31:45
188,1001-2012,5/13/2012 20:01,52.9213206,5.4345846,2,5/13/2012 20:01:52
189,1001-2012,5/13/2012 20:32,52.9212884,5.4342909,2,5/13/2012 20:32:09
190,1001-2012,5/13/2012 21:02,52.9214968,5.4338447,2,5/13/2012 21:02:15
191,1001-2012,5/13/2012 21:32,52.9308638,5.4395268,2,5/13/2012 21:32:09
192,1001-2012,5/13/2012 22:02,52.9309662,5.4395718,2,5/13/2012 22:02:02
193,1001-2012,5/13/2012 22:32,52.9309662,5.439728,2,5/13/2012 22:32:33
194,1001-2012,5/13/2012 23:02,52.9308989,5.4395188,2,5/13/2012 23:02:32
195,1001-2012,5/13/2012 23:32,52.9308147,5.4396667,2,5/13/2012 23:32:23
196,1001-2012,5/14/2012 0:02,52.930649,5.4396521,-1,5/14/2012 00:02:57
197,1001-2012,5/14/2012 0:32,52.9307104,5.4396601,-1,5/14/2012 00:32:51
198,1001-2012,5/14/2012 1:02,52.9306606,5.4396532,1,5/14/2012 01:02:57
199,1001-2012,5/14/2012 1:33,52.930582,5.439771,1,5/14/2012 01:33:06
200,1001-2012,5/14/2012 2:03,52.9218109,5.4342222,1,5/14/2012 02:03:16
201,1001-2012,5/14/2012 2:33,52.9213656,5.4338237,1,5/14/2012 02:33:07
202,1001-2012,5/14/2012 3:03,52.92086,5.4337641,1,5/14/2012 03:03:00
203,1001-2012,5/14/2012 4:03,52.920898,5.4337777,1,5/14/2012 04:03:27
204,1001-2012,5/14/2012 4:33,52.9208911,5.4338281,1,5/14/2012 04:33:39
205,1001-2012,5/14/2012 5:01,52.9209022,5.4337874,1,5/14/2012 05:01:37
206,1001-2012,5/14/2012 5:16,52.9209068,5.4337864,1,5/14/2012 05:16:33
207,1001-2012,5/14/2012 5:31,52.9208805,5.4337899,1,5/14/2012 05:31:29
208,1001-2012,5/14/2012 6:01,52.9209302,5.4337844,1,5/14/2012 06:01:21
209,1001-2012,5/14/2012 6:16,52.920932,5.4337533,1,5/14/2012 06:16:17
210,1001-2012,5/14/2012 6:31,52.9208895,5.4338028,1,5/14/2012 06:31:14
211,1001-2012,5/14/2012 6:46,52.9209137,5.4337825,1,5/14/2012 06:46:27
212,1001-2012,5/14/2012 7:01,52.9208923,5.4337978,1,5/14/2012 07:01:40
213,1001-2012,5/14/2012 7:16,52.9211618,5.4335526,1,5/14/2012 07:16:33
214,1001-2012,5/14/2012 7:31,52.9204988,5.4332386,1,5/14/2012 07:31:28
215,1001-2012,5/14/2012 7:46,52.9209973,5.4339123,1,5/14/2012 07:46:25
216,1001-2012,5/14/2012 8:01,52.9209461,5.4338377,1,5/14/2012 08:01:20
217,1001-2012,5/14/2012 8:16,52.9208885,5.4338357,1,5/14/2012 08:16:34
218,1001-2012,5/14/2012 8:31,52.9208897,5.4338368,1,5/14/2012 08:31:28
219,1001-2012,5/14/2012 8:46,52.9209153,5.4337999,1,5/14/2012 08:46:24
220,1001-2012,5/14/2012 9:01,52.9209402,5.433808,1,5/14/2012 09:01:20
221,1001-2012,5/14/2012 9:16,52.9209571,5.4338076,1,5/14/2012 09:16:17
222,1001-2012,5/14/2012 9:31,52.9210178,5.4337394,1,5/14/2012 09:31:24
223,1001-2012,5/14/2012 9:46,52.9209688,5.4337808,1,5/14/2012 09:46:25
224,1001-2012,5/14/2012 10:02,52.9209095,5.4338066,1,5/14/2012 10:02:09
225,1001-2012,5/14/2012 10:17,52.9209085,5.4338373,1,5/14/2012 10:17:03
226,1001-2012,5/14/2012 10:31,52.9208013,5.43421,1,5/14/2012 10:31:59
227,1001-2012,5/14/2012 10:46,52.9208047,5.4340611,1,5/14/2012 10:46:55
228,1001-2012,5/14/2012 11:01,52.9208884,5.4338177,1,5/14/2012 11:01:51
229,1001-2012,5/14/2012 11:16,52.9208939,5.4337638,1,5/14/2012 11:16:48
230,1001-2012,5/14/2012 11:32,52.9208532,5.4338865,1,5/14/2012 11:32:03
231,1001-2012,5/14/2012 11:46,52.9208621,5.4338608,1,5/14/2012 11:46:55
232,1001-2012,5/14/2012 12:02,52.9208802,5.4338543,1,5/14/2012 12:02:01
233,1001-2012,5/14/2012 12:17,52.920891,5.4338375,1,5/14/2012 12:17:33
234,1001-2012,5/14/2012 12:32,52.9208937,5.433782,1,5/14/2012 12:32:35
235,1001-2012,5/14/2012 12:47,52.9209255,5.4337307,1,5/14/2012 12:47:28
236,1001-2012,5/14/2012 13:02,52.9209694,5.4336009,1,5/14/2012 13:02:33
237,1001-2012,5/14/2012 13:18,52.9208795,5.4337957,1,5/14/2012 13:18:09
238,1001-2012,5/14/2012 13:33,52.9203247,5.4335345,1,5/14/2012 13:33:02
239,1001-2012,5/14/2012 13:47,52.9205161,5.4332484,1,5/14/2012 13:47:58
240,1001-2012,5/14/2012 14:02,52.9204674,5.4332156,1,5/14/2012 14:02:54
241,1001-2012,5/14/2012 14:17,52.9204947,5.433171,-1,5/14/2012 14:17:50
242,1001-2012,5/14/2012 14:32,52.9204748,5.4334971,-1,5/14/2012 14:32:46
243,1001-2012,5/14/2012 14:47,52.9205675,5.4332961,-1,5/14/2012 14:47:42
244,1001-2012,5/14/2012 15:02,52.9204751,5.4335449,-1,5/14/2012 15:02:53
245,1001-2012,5/14/2012 15:17,52.9204656,5.4335792,-1,5/14/2012 15:17:50
246,1001-2012,5/14/2012 15:32,52.9205722,5.4332619,-1,5/14/2012 15:32:45
247,1001-2012,5/14/2012 15:47,52.9205305,5.433497,-1,5/14/2012 15:47:53
248,1001-2012,5/14/2012 16:03,52.9205279,5.4331918,-1,5/14/2012 16:03:09
249,1001-2012,5/14/2012 16:18,52.9204063,5.4333449,-1,5/14/2012 16:18:05
250,1001-2012,5/14/2012 16:33,52.920375,5.4333956,-1,5/14/2012 16:33:17
251,1001-2012,5/14/2012 16:48,52.920992,5.4339165,-1,5/14/2012 16:48:39
252,1001-2012,5/14/2012 17:03,52.9211158,5.4338734,-1,5/14/2012 17:03:41
253,1001-2012,5/14/2012 17:18,52.920545,5.4332442,-1,5/14/2012 17:18:37
254,1001-2012,5/14/2012 17:33,52.9204001,5.4333867,-1,5/14/2012 17:33:32
255,1001-2012,5/14/2012 17:48,52.9205216,5.4333178,-1,5/14/2012 17:48:28
256,1001-2012,5/14/2012 18:18,52.9205245,5.433606,2,5/14/2012 18:18:36
257,1001-2012,5/14/2012 18:48,52.9205139,5.4332736,2,5/14/2012 18:48:29
258,1001-2012,5/14/2012 19:18,52.9208959,5.4337955,2,5/14/2012 19:18:19
259,1001-2012,5/14/2012 19:48,52.9208985,5.4337721,2,5/14/2012 19:48:28
260,1001-2012,5/14/2012 20:18,52.9214724,5.4341134,2,5/14/2012 20:18:49
261,1001-2012,5/14/2012 20:48,52.9218991,5.4347166,2,5/14/2012 20:48:57
262,1001-2012,5/14/2012 21:19,52.9307777,5.4398059,2,5/14/2012 21:19:09
263,1001-2012,5/14/2012 21:49,52.9307275,5.4395551,2,5/14/2012 21:49:16
264,1001-2012,5/14/2012 22:19,52.9307961,5.4394305,2,5/14/2012 22:19:40
265,1001-2012,5/14/2012 22:49,52.9308064,5.4394342,2,5/14/2012 22:49:32
266,1001-2012,5/14/2012 23:19,52.9307002,5.4394265,2,5/14/2012 23:19:40
267,1001-2012,5/14/2012 23:49,52.9308051,5.4394162,2,5/14/2012 23:49:31
268,1001-2012,5/15/2012 0:19,52.9307893,5.4394398,-1,5/15/2012 00:19:31
269,1001-2012,5/15/2012 0:49,52.9307916,5.4394978,-1,5/15/2012 00:49:55
270,1001-2012,5/15/2012 1:20,52.9307478,5.4395566,-1,5/15/2012 01:20:09
271,1001-2012,5/15/2012 1:50,52.9307892,5.4396049,1,5/15/2012 01:50:00
272,1001-2012,5/15/2012 2:19,52.9305084,5.4398952,1,5/15/2012 02:19:53
273,1001-2012,5/15/2012 2:50,52.9209101,5.4337932,1,5/15/2012 02:50:33
274,1001-2012,5/15/2012 3:20,52.9209093,5.4338021,1,5/15/2012 03:20:26
275,1001-2012,5/15/2012 3:50,52.9209012,5.4337899,1,5/15/2012 03:50:17
276,1001-2012,5/15/2012 4:20,52.9209078,5.4337671,1,5/15/2012 04:20:36
277,1001-2012,5/15/2012 4:50,52.9209056,5.4337709,1,5/15/2012 04:50:44
278,1001-2012,5/15/2012 5:05,52.9209366,5.4337784,1,5/15/2012 05:05:55
279,1001-2012,5/15/2012 5:21,52.9209271,5.4337758,1,5/15/2012 05:21:07
280,1001-2012,5/15/2012 5:36,52.9209039,5.4337866,1,5/15/2012 05:36:20
281,1001-2012,5/15/2012 5:52,52.9209144,5.4337816,1,5/15/2012 05:52:09
282,1001-2012,5/15/2012 6:07,52.9209097,5.4337894,1,5/15/2012 06:07:03
283,1001-2012,5/15/2012 6:22,52.9209107,5.4337875,1,5/15/2012 06:22:00
284,1001-2012,5/15/2012 6:36,52.9209016,5.433795,1,5/15/2012 06:36:56
285,1001-2012,5/15/2012 6:51,52.9209209,5.4337956,1,5/15/2012 06:51:51
286,1001-2012,5/15/2012 7:06,52.9209016,5.4338147,1,5/15/2012 07:06:48
287,1001-2012,5/15/2012 7:21,52.9209103,5.4337894,1,5/15/2012 07:21:59
288,1001-2012,5/15/2012 7:37,52.920912,5.4337909,1,5/15/2012 07:37:05
289,1001-2012,5/15/2012 7:52,52.9208978,5.4337977,1,5/15/2012 07:52:07
290,1001-2012,5/15/2012 8:07,52.9209171,5.4337969,1,5/15/2012 08:07:33
291,1001-2012,5/15/2012 8:22,52.9209126,5.4337845,1,5/15/2012 08:22:31
292,1001-2012,5/15/2012 8:37,52.9209018,5.4337981,1,5/15/2012 08:37:27
293,1001-2012,5/15/2012 8:52,52.9209128,5.4337913,1,5/15/2012 08:52:23
294,1001-2012,5/15/2012 9:07,52.9205048,5.4335862,1,5/15/2012 09:07:46
295,1001-2012,5/15/2012 9:22,52.920589,5.4334333,1,5/15/2012 09:22:46
296,1001-2012,5/15/2012 9:37,52.9207388,5.4335075,1,5/15/2012 09:37:42
297,1001-2012,5/15/2012 9:52,52.9209354,5.4340033,1,5/15/2012 09:52:40
298,1001-2012,5/15/2012 10:07,52.9206064,5.4333666,1,5/15/2012 10:07:35
299,1001-2012,5/15/2012 10:22,52.9209621,5.4337763,1,5/15/2012 10:22:31
300,1001-2012,5/15/2012 10:37,52.9208458,5.4337774,1,5/15/2012 10:37:41
301,1001-2012,5/15/2012 10:53,52.9208104,5.4338715,1,5/15/2012 10:53:09
302,1001-2012,5/15/2012 11:08,52.9209095,5.4337913,1,5/15/2012 11:08:06
303,1001-2012,5/15/2012 11:23,52.9209034,5.4338112,1,5/15/2012 11:23:02
304,1001-2012,5/15/2012 11:37,52.9208786,5.4338121,1,5/15/2012 11:37:58
305,1001-2012,5/15/2012 11:52,52.9208901,5.4339557,1,5/15/2012 11:52:54
306,1001-2012,5/15/2012 12:07,52.9208711,5.4339975,1,5/15/2012 12:07:49
307,1001-2012,5/15/2012 12:23,52.9209068,5.4339354,1,5/15/2012 12:23:02
308,1001-2012,5/15/2012 12:52,52.9209179,5.4337848,1,5/15/2012 12:52:56
309,1001-2012,5/15/2012 13:08,52.9209008,5.4337651,1,5/15/2012 13:08:06
310,1001-2012,5/15/2012 13:23,52.9209118,5.4338033,1,5/15/2012 13:23:01
311,1001-2012,5/15/2012 13:37,52.921,5.4339309,1,5/15/2012 13:37:57
312,1001-2012,5/15/2012 13:52,52.9206376,5.4329363,1,5/15/2012 13:52:55
313,1001-2012,5/15/2012 14:09,52.920646,5.4328999,1,5/15/2012 14:09:09
314,1001-2012,5/15/2012 14:24,52.9209402,5.4340906,1,5/15/2012 14:24:05
315,1001-2012,5/15/2012 14:39,52.9209932,5.4340031,-1,5/15/2012 14:39:00
316,1001-2012,5/15/2012 14:53,52.9209725,5.4339679,-1,5/15/2012 14:53:56
317,1001-2012,5/15/2012 15:08,52.920943,5.4341336,-1,5/15/2012 15:08:53
318,1001-2012,5/15/2012 15:23,52.9208598,5.4341269,-1,5/15/2012 15:23:49
319,1001-2012,5/15/2012 15:39,52.9209692,5.4339964,-1,5/15/2012 15:39:21
320,1001-2012,5/15/2012 15:54,52.9209894,5.4338815,-1,5/15/2012 15:54:39
321,1001-2012,5/15/2012 16:10,52.921113,5.4338788,-1,5/15/2012 16:10:09
322,1001-2012,5/15/2012 16:25,52.921074,5.4334377,-1,5/15/2012 16:25:08
323,1001-2012,5/15/2012 16:40,52.9211543,5.4335646,-1,5/15/2012 16:40:04
324,1001-2012,5/15/2012 16:55,52.921014,5.4339474,-1,5/15/2012 16:55:00
325,1001-2012,5/15/2012 17:09,52.9209084,5.4338126,-1,5/15/2012 17:09:55
326,1001-2012,5/15/2012 17:25,52.9209012,5.433814,-1,5/15/2012 17:25:07
327,1001-2012,5/15/2012 17:40,52.9209056,5.4337967,-1,5/15/2012 17:40:03
328,1001-2012,5/15/2012 17:54,52.9208866,5.4338414,-1,5/15/2012 17:54:59
329,1001-2012,5/15/2012 18:24,52.9209259,5.4341338,2,5/15/2012 18:24:51
330,1001-2012,5/15/2012 18:55,52.9207529,5.433351,2,5/15/2012 18:55:13
331,1001-2012,5/15/2012 19:25,52.9210162,5.4339879,2,5/15/2012 19:25:17
332,1001-2012,5/15/2012 19:55,52.9211513,5.4344197,2,5/15/2012 19:55:39
333,1001-2012,5/15/2012 20:25,52.9210706,5.4333104,2,5/15/2012 20:25:38
334,1001-2012,5/15/2012 20:55,52.9217501,5.4345895,2,5/15/2012 20:55:46
335,1001-2012,5/15/2012 21:25,52.9308139,5.4396092,2,5/15/2012 21:25:42
336,1001-2012,5/15/2012 21:55,52.9310093,5.439323,2,5/15/2012 21:55:35
337,1001-2012,5/15/2012 22:26,52.9310731,5.4393303,2,5/15/2012 22:26:09
338,1001-2012,5/15/2012 22:56,52.9309749,5.4393224,2,5/15/2012 22:56:01
339,1001-2012,5/15/2012 23:25,52.930982,5.4392907,2,5/15/2012 23:25:53
340,1001-2012,5/15/2012 23:56,52.9310009,5.439292,2,5/15/2012 23:56:02
341,1001-2012,5/16/2012 0:25,52.9309184,5.4393889,-1,5/16/2012 00:25:53
342,1001-2012,5/16/2012 0:55,52.9309586,5.4393882,-1,5/16/2012 00:55:55
343,1001-2012,5/16/2012 1:26,52.930896,5.4395852,1,5/16/2012 01:26:02
344,1001-2012,5/16/2012 1:56,52.920998,5.4347554,1,5/16/2012 01:56:39
345,1001-2012,5/16/2012 2:26,52.9212034,5.4341702,1,5/16/2012 02:26:24
346,1001-2012,5/16/2012 2:56,52.9209175,5.4337885,1,5/16/2012 02:56:15
347,1001-2012,5/16/2012 3:26,52.9209053,5.4338155,1,5/16/2012 03:26:24
348,1001-2012,5/16/2012 3:56,52.9209059,5.4338526,1,5/16/2012 03:56:18
349,1001-2012,5/16/2012 4:26,52.9209183,5.4337809,1,5/16/2012 04:26:39
350,1001-2012,5/16/2012 4:56,52.9209138,5.4338022,1,5/16/2012 04:56:58
351,1001-2012,5/16/2012 5:11,52.9209313,5.4337429,1,5/16/2012 05:11:59
352,1001-2012,5/16/2012 5:26,52.9209189,5.4337805,1,5/16/2012 05:26:55
353,1001-2012,5/16/2012 5:41,52.9209052,5.4337949,1,5/16/2012 05:41:53
354,1001-2012,5/16/2012 5:56,52.9209129,5.4337844,1,5/16/2012 05:56:46
355,1001-2012,5/16/2012 6:11,52.920904,5.4338035,1,5/16/2012 06:11:43
356,1001-2012,5/16/2012 6:26,52.9209041,5.4338004,1,5/16/2012 06:26:55
357,1001-2012,5/16/2012 6:41,52.9209059,5.4337569,1,5/16/2012 06:41:50
358,1001-2012,5/16/2012 6:57,52.9208904,5.4338148,1,5/16/2012 06:57:06
359,1001-2012,5/16/2012 7:11,52.9210896,5.4339453,1,5/16/2012 07:11:58
360,1001-2012,5/16/2012 7:26,52.9204957,5.433803,1,5/16/2012 07:26:54
361,1001-2012,5/16/2012 7:41,52.920513,5.4332468,1,5/16/2012 07:41:50
362,1001-2012,5/16/2012 8:11,52.9207923,5.4341515,1,5/16/2012 08:11:58
363,1001-2012,5/16/2012 8:26,52.920875,5.434,1,5/16/2012 08:26:53
364,1001-2012,5/16/2012 8:41,52.920891,5.4337962,1,5/16/2012 08:41:49
365,1001-2012,5/16/2012 8:56,52.9209021,5.4337878,1,5/16/2012 08:56:45
366,1001-2012,5/16/2012 9:11,52.9209009,5.4338113,1,5/16/2012 09:11:41
367,1001-2012,5/16/2012 9:26,52.9210297,5.4336189,1,5/16/2012 09:26:41
368,1001-2012,5/16/2012 9:41,52.9209635,5.4337611,1,5/16/2012 09:41:37
369,1001-2012,5/16/2012 9:56,52.920977,5.4337775,1,5/16/2012 09:56:51
370,1001-2012,5/16/2012 10:12,52.9209011,5.4338082,1,5/16/2012 10:12:09
371,1001-2012,5/16/2012 10:27,52.92091,5.4338094,1,5/16/2012 10:27:10
372,1001-2012,5/16/2012 10:42,52.9208308,5.4340916,1,5/16/2012 10:42:04
373,1001-2012,5/16/2012 10:57,52.9208308,5.4342205,1,5/16/2012 10:57:00
374,1001-2012,5/16/2012 11:11,52.9206636,5.4338782,1,5/16/2012 11:11:56
375,1001-2012,5/16/2012 11:27,52.9207106,5.4340002,1,5/16/2012 11:27:08
376,1001-2012,5/16/2012 11:57,52.9209095,5.4338109,1,5/16/2012 11:57:01
377,1001-2012,5/16/2012 12:12,52.9209138,5.4338133,1,5/16/2012 12:12:09
378,1001-2012,5/16/2012 12:27,52.9209282,5.4337919,1,5/16/2012 12:27:38
379,1001-2012,5/16/2012 12:42,52.9209407,5.4337909,1,5/16/2012 12:42:36
380,1001-2012,5/16/2012 12:57,52.920937,5.4338309,1,5/16/2012 12:57:32
381,1001-2012,5/16/2012 13:13,52.9208732,5.4342269,1,5/16/2012 13:13:48
382,1001-2012,5/16/2012 13:31,52.9206608,5.4329864,1,5/16/2012 13:31:39
383,1001-2012,5/16/2012 13:46,52.9207371,5.4340055,1,5/16/2012 13:46:38
384,1001-2012,5/16/2012 14:01,52.9207821,5.4340867,1,5/16/2012 14:01:31
385,1001-2012,5/16/2012 14:16,52.9209844,5.4339748,-1,5/16/2012 14:16:27
386,1001-2012,5/16/2012 14:31,52.921128,5.4336508,-1,5/16/2012 14:31:24
387,1001-2012,5/16/2012 14:46,52.9211604,5.4336857,-1,5/16/2012 14:46:36
388,1001-2012,5/16/2012 15:01,52.9212354,5.4336065,-1,5/16/2012 15:01:41
389,1001-2012,5/16/2012 15:16,52.9211958,5.4336536,-1,5/16/2012 15:16:58
390,1001-2012,5/16/2012 15:32,52.9205579,5.4330952,-1,5/16/2012 15:32:05
391,1001-2012,5/16/2012 15:47,52.9206054,5.4329465,-1,5/16/2012 15:47:07
392,1001-2012,5/16/2012 16:02,52.9207357,5.4341946,-1,5/16/2012 16:02:33
393,1001-2012,5/16/2012 16:17,52.9209131,5.4337728,-1,5/16/2012 16:17:31
394,1001-2012,5/16/2012 16:32,52.9207998,5.4342506,-1,5/16/2012 16:32:42
395,1001-2012,5/16/2012 16:47,52.9212711,5.433503,-1,5/16/2012 16:47:40
396,1001-2012,5/16/2012 17:02,52.9212654,5.433477,-1,5/16/2012 17:02:34
397,1001-2012,5/16/2012 17:17,52.920647,5.4337345,-1,5/16/2012 17:17:30
398,1001-2012,5/16/2012 17:32,52.9205834,5.43317,-1,5/16/2012 17:32:26
399,1001-2012,5/16/2012 17:47,52.9206075,5.4327343,-1,5/16/2012 17:47:21
400,1001-2012,5/16/2012 18:17,52.9209084,5.4337562,2,5/16/2012 18:17:30
401,1001-2012,5/16/2012 18:47,52.9208967,5.4336771,2,5/16/2012 18:47:48
402,1001-2012,5/16/2012 19:17,52.9206292,5.4323388,2,5/16/2012 19:17:54
403,1001-2012,5/16/2012 19:49,52.9208172,5.4325516,2,5/16/2012 19:49:39
404,1001-2012,5/16/2012 20:19,52.9209786,5.4343222,2,5/16/2012 20:19:37
405,1001-2012,5/16/2012 20:49,52.9309339,5.4398224,2,5/16/2012 20:49:29
406,1001-2012,5/16/2012 21:19,52.9307639,5.4396104,2,5/16/2012 21:19:23
407,1001-2012,5/16/2012 21:49,52.9308232,5.4396194,2,5/16/2012 21:49:57
408,1001-2012,5/16/2012 22:20,52.9308137,5.439572,2,5/16/2012 22:20:09
409,1001-2012,5/16/2012 22:49,52.9308601,5.4393587,2,5/16/2012 22:49:59
410,1001-2012,5/16/2012 23:20,52.9308334,5.4399844,2,5/16/2012 23:20:19
411,1001-2012,5/16/2012 23:50,52.9308683,5.4397641,2,5/16/2012 23:50:17
412,1001-2012,5/17/2012 0:20,52.9307994,5.4396202,-1,5/17/2012 00:20:39
413,1001-2012,5/17/2012 0:51,52.930808,5.4395715,-1,5/17/2012 00:51:05
414,1001-2012,5/17/2012 1:20,52.9307827,5.4395387,1,5/17/2012 01:20:57
415,1001-2012,5/17/2012 1:51,52.9307291,5.4395378,1,5/17/2012 01:51:08
416,1001-2012,5/17/2012 2:21,52.9213522,5.4344956,1,5/17/2012 02:21:28
417,1001-2012,5/17/2012 2:51,52.9214769,5.4341175,1,5/17/2012 02:51:50
418,1001-2012,5/17/2012 3:21,52.9208859,5.4337989,1,5/17/2012 03:21:43
419,1001-2012,5/17/2012 3:51,52.9209044,5.4338334,1,5/17/2012 03:51:49
420,1001-2012,5/17/2012 4:22,52.9209134,5.4338053,1,5/17/2012 04:22:09
421,1001-2012,5/17/2012 4:52,52.9209375,5.4337536,1,5/17/2012 04:52:05
422,1001-2012,5/17/2012 5:07,52.9209198,5.4337759,1,5/17/2012 05:07:01
423,1001-2012,5/17/2012 5:21,52.9209131,5.4337947,1,5/17/2012 05:21:57
424,1001-2012,5/17/2012 5:37,52.9209183,5.433777,1,5/17/2012 05:37:09
425,1001-2012,5/17/2012 5:52,52.9209195,5.433779,1,5/17/2012 05:52:09
426,1001-2012,5/17/2012 6:07,52.9209145,5.4337895,1,5/17/2012 06:07:02
427,1001-2012,5/17/2012 6:21,52.921212,5.4340327,1,5/17/2012 06:21:57
428,1001-2012,5/17/2012 6:36,52.9208906,5.433803,1,5/17/2012 06:36:54
429,1001-2012,5/17/2012 6:52,52.9207735,5.4332466,1,5/17/2012 06:52:06
430,1001-2012,5/17/2012 7:07,52.920742,5.4331632,1,5/17/2012 07:07:12
431,1001-2012,5/17/2012 7:22,52.9207026,5.4331996,1,5/17/2012 07:22:39
432,1001-2012,5/17/2012 7:37,52.9206731,5.4331286,1,5/17/2012 07:37:50
433,1001-2012,5/17/2012 7:52,52.920896,5.4338571,1,5/17/2012 07:52:52
434,1001-2012,5/17/2012 8:08,52.9208895,5.4337927,1,5/17/2012 08:08:09
435,1001-2012,5/17/2012 8:23,52.9208798,5.4337851,1,5/17/2012 08:23:00
436,1001-2012,5/17/2012 8:38,52.9209003,5.4337851,1,5/17/2012 08:38:08
437,1001-2012,5/17/2012 8:53,52.9209114,5.433786,1,5/17/2012 08:53:24
438,1001-2012,5/17/2012 9:08,52.9208941,5.4337903,1,5/17/2012 09:08:20
439,1001-2012,5/17/2012 9:23,52.9208842,5.4338149,1,5/17/2012 09:23:16
440,1001-2012,5/17/2012 9:38,52.9208786,5.4338042,1,5/17/2012 09:38:13
441,1001-2012,5/17/2012 9:53,52.9209014,5.4337821,1,5/17/2012 09:53:23
442,1001-2012,5/17/2012 10:08,52.9209118,5.4337936,1,5/17/2012 10:08:23
443,1001-2012,5/17/2012 10:23,52.9209103,5.4338022,1,5/17/2012 10:23:28
444,1001-2012,5/17/2012 10:39,52.9209062,5.4338114,1,5/17/2012 10:39:10
445,1001-2012,5/17/2012 10:54,52.9209013,5.433819,1,5/17/2012 10:54:11
446,1001-2012,5/17/2012 11:09,52.9208907,5.4338137,1,5/17/2012 11:09:07
447,1001-2012,5/17/2012 11:24,52.9208929,5.4338056,1,5/17/2012 11:24:03
448,1001-2012,5/17/2012 11:38,52.9209136,5.4337893,1,5/17/2012 11:38:59
449,1001-2012,5/17/2012 11:53,52.9209084,5.4338052,1,5/17/2012 11:53:56
450,1001-2012,5/17/2012 12:08,52.9208916,5.4337942,1,5/17/2012 12:08:52
451,1001-2012,5/17/2012 12:23,52.9209083,5.4337964,1,5/17/2012 12:23:46
452,1001-2012,5/17/2012 12:38,52.9209043,5.4337836,1,5/17/2012 12:38:42
453,1001-2012,5/17/2012 12:53,52.920892,5.4337792,1,5/17/2012 12:53:41
454,1001-2012,5/17/2012 13:09,52.9206258,5.4330429,1,5/17/2012 13:09:04
455,1001-2012,5/17/2012 13:24,52.9206401,5.4332134,1,5/17/2012 13:24:02
456,1001-2012,5/17/2012 13:39,52.92072,5.4332697,1,5/17/2012 13:39:28
457,1001-2012,5/17/2012 13:54,52.9207484,5.4332371,1,5/17/2012 13:54:56
458,1001-2012,5/17/2012 14:09,52.9206516,5.433198,1,5/17/2012 14:09:54
459,1001-2012,5/17/2012 14:24,52.9208806,5.4338183,1,5/17/2012 14:24:50
460,1001-2012,5/17/2012 14:39,52.9208941,5.4338003,-1,5/17/2012 14:39:46
461,1001-2012,5/17/2012 14:54,52.9208716,5.4338269,-1,5/17/2012 14:54:42
462,1001-2012,5/17/2012 15:09,52.9208884,5.4337988,-1,5/17/2012 15:09:37
463,1001-2012,5/17/2012 15:24,52.9209262,5.4337574,-1,5/17/2012 15:24:49
464,1001-2012,5/17/2012 15:40,52.9207366,5.4332306,-1,5/17/2012 15:40:49
465,1001-2012,5/17/2012 15:55,52.9209278,5.4339582,-1,5/17/2012 15:55:48
466,1001-2012,5/17/2012 16:26,52.920683,5.4329429,-1,5/17/2012 16:26:09
467,1001-2012,5/17/2012 16:56,52.9206018,5.433728,-1,5/17/2012 16:56:02
468,1001-2012,5/17/2012 17:26,52.9207609,5.4334202,-1,5/17/2012 17:26:09
469,1001-2012,5/17/2012 17:56,52.9209098,5.4337493,-1,5/17/2012 17:56:32
470,1001-2012,5/17/2012 18:26,52.9208554,5.4342754,2,5/17/2012 18:26:37
471,1001-2012,5/17/2012 18:57,52.9210525,5.4335293,2,5/17/2012 18:57:18
472,1001-2012,5/17/2012 19:27,52.9204516,5.4331906,2,5/17/2012 19:27:29
473,1001-2012,5/17/2012 19:57,52.9209114,5.433888,2,5/17/2012 19:57:34
474,1001-2012,5/17/2012 20:27,52.9241973,5.4377699,2,5/17/2012 20:27:43
475,1001-2012,5/17/2012 20:57,52.9242261,5.4380403,2,5/17/2012 20:57:36
476,1001-2012,5/17/2012 21:27,52.9307146,5.4397405,2,5/17/2012 21:27:38
477,1001-2012,5/17/2012 21:58,52.9306998,5.4397573,2,5/17/2012 21:58:10
478,1001-2012,5/17/2012 22:28,52.9307059,5.4395708,2,5/17/2012 22:28:03
479,1001-2012,5/17/2012 22:32,52.9306916,5.4395555,2,5/17/2012 22:32:47
480,1001-2012,5/17/2012 22:37,52.9307162,5.4395273,2,5/17/2012 22:37:34
481,1001-2012,5/17/2012 22:42,52.9307272,5.4395505,2,5/17/2012 22:42:34
482,1001-2012,5/17/2012 22:47,52.9308343,5.4396728,2,5/17/2012 22:47:26
483,1001-2012,5/17/2012 22:52,52.9308155,5.4396755,2,5/17/2012 22:52:25
484,1001-2012,5/17/2012 22:57,52.9308325,5.4396825,2,5/17/2012 22:57:19
485,1001-2012,5/17/2012 23:02,52.930844,5.4396859,2,5/17/2012 23:02:06
486,1001-2012,5/17/2012 23:06,52.9308333,5.4396858,2,5/17/2012 23:06:54
487,1001-2012,5/17/2012 23:11,52.9308102,5.439668,2,5/17/2012 23:11:42
488,1001-2012,5/17/2012 23:16,52.9308074,5.4396548,2,5/17/2012 23:16:30
489,1001-2012,5/17/2012 23:21,52.9308163,5.439656,2,5/17/2012 23:21:18
490,1001-2012,5/17/2012 23:26,52.930825,5.4396923,2,5/17/2012 23:26:23
491,1001-2012,5/17/2012 23:31,52.9308257,5.4396475,2,5/17/2012 23:31:11
492,1001-2012,5/17/2012 23:35,52.9308208,5.4396811,2,5/17/2012 23:35:58
493,1001-2012,5/17/2012 23:40,52.9308829,5.4396802,2,5/17/2012 23:40:46
494,1001-2012,5/17/2012 23:45,52.9308648,5.4397105,2,5/17/2012 23:45:37
495,1001-2012,5/17/2012 23:50,52.9308721,5.4396388,-1,5/17/2012 23:50:24
496,1001-2012,5/17/2012 23:55,52.9307179,5.4394908,-1,5/17/2012 23:55:10
497,1001-2012,5/18/2012 0:02,52.9308645,5.4398636,-1,5/18/2012 00:02:06
498,1001-2012,5/18/2012 0:07,52.9308325,5.4398487,-1,5/18/2012 00:07:10
499,1001-2012,5/18/2012 0:12,52.9308255,5.4398349,-1,5/18/2012 00:12:12
500,1001-2012,5/18/2012 0:17,52.9308129,5.4398197,1,5/18/2012 00:17:04
501,1001-2012,5/18/2012 0:22,52.9308319,5.4398517,1,5/18/2012 00:22:04
502,1001-2012,5/18/2012 0:26,52.9308301,5.4398372,1,5/18/2012 00:26:55
503,1001-2012,5/18/2012 0:31,52.9308295,5.4398417,1,5/18/2012 00:31:55
504,1001-2012,5/18/2012 0:36,52.9308299,5.4398442,1,5/18/2012 00:36:47
505,1001-2012,5/18/2012 0:41,52.9308697,5.4398755,1,5/18/2012 00:41:46
506,1001-2012,5/18/2012 0:46,52.930845,5.4398412,1,5/18/2012 00:46:39
507,1001-2012,5/18/2012 0:51,52.9308681,5.4398798,1,5/18/2012 00:51:39
508,1001-2012,5/18/2012 0:56,52.9308949,5.4398804,1,5/18/2012 00:56:31
509,1001-2012,5/18/2012 1:01,52.9308691,5.4398608,1,5/18/2012 01:01:40
510,1001-2012,5/18/2012 1:06,52.9308234,5.4398169,1,5/18/2012 01:06:22
511,1001-2012,5/18/2012 1:11,52.930759,5.439769,1,5/18/2012 01:11:10
512,1001-2012,5/18/2012 1:15,52.9307022,5.4397178,1,5/18/2012 01:15:57
513,1001-2012,5/18/2012 1:20,52.9306782,5.4396871,1,5/18/2012 01:20:45
514,1001-2012,5/18/2012 1:25,52.9306591,5.439672,1,5/18/2012 01:25:34
515,1001-2012,5/18/2012 1:30,52.9306847,5.4396932,1,5/18/2012 01:30:21
516,1001-2012,5/18/2012 2:00,52.9304577,5.4398356,1,5/18/2012 02:00:13
517,1001-2012,5/18/2012 2:30,52.9213774,5.4345747,1,5/18/2012 02:30:24
518,1001-2012,5/18/2012 3:00,52.9209139,5.4337674,1,5/18/2012 03:00:39
519,1001-2012,5/18/2012 3:30,52.9209115,5.4337683,1,5/18/2012 03:30:36
520,1001-2012,5/18/2012 4:00,52.9209063,5.4337603,1,5/18/2012 04:00:45
521,1001-2012,5/18/2012 4:31,52.9209122,5.433765,1,5/18/2012 04:31:10
522,1001-2012,5/18/2012 5:01,52.9209017,5.4337962,1,5/18/2012 05:01:02
523,1001-2012,5/18/2012 5:30,52.9209155,5.4338132,1,5/18/2012 05:30:53
524,1001-2012,5/18/2012 6:01,52.9209108,5.4338023,1,5/18/2012 06:01:00
525,1001-2012,5/18/2012 6:30,52.9209103,5.4337894,1,5/18/2012 06:30:51
526,1001-2012,5/18/2012 7:00,52.9208918,5.4338002,1,5/18/2012 07:00:49
527,1001-2012,5/18/2012 7:30,52.9209222,5.4340228,1,5/18/2012 07:30:48
528,1001-2012,5/18/2012 8:01,52.9207377,5.4335557,1,5/18/2012 08:01:09
529,1001-2012,5/18/2012 8:31,52.9209091,5.4337954,1,5/18/2012 08:31:07
530,1001-2012,5/18/2012 9:00,52.9209764,5.4334078,1,5/18/2012 09:00:58
531,1001-2012,5/18/2012 9:32,52.921082,5.4340773,1,5/18/2012 09:32:11
532,1001-2012,5/18/2012 10:02,52.920922,5.4337739,1,5/18/2012 10:02:33
533,1001-2012,5/18/2012 10:32,52.9209009,5.4337656,1,5/18/2012 10:32:28
534,1001-2012,5/18/2012 11:02,52.9210704,5.4333173,1,5/18/2012 11:02:21
535,1001-2012,5/18/2012 11:32,52.9211448,5.4338142,1,5/18/2012 11:32:22
536,1001-2012,5/18/2012 12:02,52.9210414,5.4339203,1,5/18/2012 12:02:39
537,1001-2012,5/18/2012 12:32,52.9209054,5.4338137,1,5/18/2012 12:32:24
538,1001-2012,5/18/2012 13:02,52.9208827,5.4338058,1,5/18/2012 13:02:34
539,1001-2012,5/18/2012 13:32,52.9208683,5.4337798,1,5/18/2012 13:32:27
540,1001-2012,5/18/2012 14:02,52.9209061,5.4337909,1,5/18/2012 14:02:18
541,1001-2012,5/18/2012 14:32,52.9208915,5.4337776,-1,5/18/2012 14:32:25
542,1001-2012,5/18/2012 15:02,52.9207453,5.4324656,-1,5/18/2012 15:02:17
543,1001-2012,5/18/2012 15:32,52.9207227,5.4327675,-1,5/18/2012 15:32:21
544,1001-2012,5/18/2012 16:03,52.9210349,5.4335503,-1,5/18/2012 16:03:03
545,1001-2012,5/18/2012 16:33,52.920898,5.4337937,-1,5/18/2012 16:33:12
546,1001-2012,5/18/2012 17:33,52.9207778,5.4332331,-1,5/18/2012 17:33:13
547,1001-2012,5/18/2012 18:03,52.9205253,5.4332471,-1,5/18/2012 18:03:03
548,1001-2012,5/18/2012 18:32,52.9213063,5.433646,2,5/18/2012 18:32:57
549,1001-2012,5/18/2012 19:33,52.9212803,5.4335468,2,5/18/2012 19:33:10
550,1001-2012,5/18/2012 20:04,52.9241641,5.4377357,2,5/18/2012 20:04:06
551,1001-2012,5/18/2012 20:33,52.9308516,5.4401222,2,5/18/2012 20:33:58
552,1001-2012,5/18/2012 21:04,52.923923,5.4378958,2,5/18/2012 21:04:06
553,1001-2012,5/18/2012 21:33,52.9307459,5.440155,2,5/18/2012 21:33:57
554,1001-2012,5/18/2012 22:03,52.9307838,5.4402004,2,5/18/2012 22:03:51
555,1001-2012,5/18/2012 22:31,52.930701,5.4400529,2,5/18/2012 22:31:39
556,1001-2012,5/18/2012 22:36,52.930696,5.440044,2,5/18/2012 22:36:21
557,1001-2012,5/18/2012 22:41,52.9307204,5.4400682,2,5/18/2012 22:41:09
558,1001-2012,5/18/2012 22:45,52.9307087,5.4400583,2,5/18/2012 22:45:56
559,1001-2012,5/18/2012 22:50,52.9307192,5.4400495,2,5/18/2012 22:50:45
560,1001-2012,5/18/2012 22:55,52.9307015,5.4400689,2,5/18/2012 22:55:32
561,1001-2012,5/18/2012 23:00,52.930711,5.4400876,2,5/18/2012 23:00:21
562,1001-2012,5/18/2012 23:05,52.930743,5.4400966,2,5/18/2012 23:05:08
563,1001-2012,5/18/2012 23:09,52.9307466,5.4400965,2,5/18/2012 23:09:57
564,1001-2012,5/18/2012 23:14,52.9307362,5.4400793,2,5/18/2012 23:14:45
565,1001-2012,5/18/2012 23:19,52.9307389,5.4400879,2,5/18/2012 23:19:32
566,1001-2012,5/18/2012 23:24,52.930726,5.4400674,2,5/18/2012 23:24:21
567,1001-2012,5/18/2012 23:29,52.9307304,5.4400632,2,5/18/2012 23:29:09
568,1001-2012,5/18/2012 23:33,52.9307297,5.4400625,2,5/18/2012 23:33:57
569,1001-2012,5/18/2012 23:38,52.9307496,5.4400466,2,5/18/2012 23:38:45
570,1001-2012,5/18/2012 23:43,52.9307465,5.440049,2,5/18/2012 23:43:32
571,1001-2012,5/18/2012 23:48,52.9307216,5.4400612,-1,5/18/2012 23:48:33
572,1001-2012,5/18/2012 23:53,52.9307124,5.4400452,-1,5/18/2012 23:53:24
573,1001-2012,5/18/2012 23:58,52.930693,5.4400854,-1,5/18/2012 23:58:24
574,1001-2012,5/19/2012 0:03,52.9307007,5.4400552,-1,5/19/2012 00:03:16
575,1001-2012,5/19/2012 0:08,52.9307024,5.4400933,-1,5/19/2012 00:08:24
576,1001-2012,5/19/2012 0:13,52.9306648,5.4401309,-1,5/19/2012 00:13:08
577,1001-2012,5/19/2012 0:17,52.9306424,5.4401463,-1,5/19/2012 00:17:57
578,1001-2012,5/19/2012 0:22,52.9306968,5.4401172,-1,5/19/2012 00:22:45
579,1001-2012,5/19/2012 0:27,52.9306821,5.4401208,-1,5/19/2012 00:27:33
580,1001-2012,5/19/2012 0:32,52.930698,5.4401,1,5/19/2012 00:32:21
581,1001-2012,5/19/2012 0:37,52.9306764,5.4401368,1,5/19/2012 00:37:08
582,1001-2012,5/19/2012 0:41,52.930687,5.4401118,1,5/19/2012 00:41:57
583,1001-2012,5/19/2012 0:46,52.9306992,5.4401144,1,5/19/2012 00:46:45
584,1001-2012,5/19/2012 0:51,52.9306634,5.4401419,1,5/19/2012 00:51:49
585,1001-2012,5/19/2012 0:56,52.9306714,5.440125,1,5/19/2012 00:56:38
586,1001-2012,5/19/2012 1:01,52.930704,5.4401241,1,5/19/2012 01:01:24
587,1001-2012,5/19/2012 1:11,52.9306816,5.4401236,1,5/19/2012 01:11:00
588,1001-2012,5/19/2012 1:15,52.9306818,5.4401273,1,5/19/2012 01:15:48
589,1001-2012,5/19/2012 1:20,52.9307629,5.4401893,1,5/19/2012 01:20:42
590,1001-2012,5/19/2012 1:25,52.9309046,5.4401432,1,5/19/2012 01:25:24
591,1001-2012,5/19/2012 1:30,52.9308487,5.4401633,1,5/19/2012 01:30:15
592,1001-2012,5/19/2012 2:00,52.9307008,5.4401231,1,5/19/2012 02:00:39
593,1001-2012,5/19/2012 2:30,52.9240718,5.4379643,1,5/19/2012 02:30:29
594,1001-2012,5/19/2012 3:00,52.9239501,5.4377187,1,5/19/2012 03:00:21
595,1001-2012,5/19/2012 3:30,52.9209006,5.4337733,1,5/19/2012 03:30:45
596,1001-2012,5/19/2012 4:00,52.9208793,5.4337682,1,5/19/2012 04:00:50
597,1001-2012,5/19/2012 4:30,52.9209043,5.4337811,1,5/19/2012 04:30:54
598,1001-2012,5/19/2012 5:00,52.9209174,5.433797,1,5/19/2012 05:00:51
599,1001-2012,5/19/2012 5:31,52.9208524,5.4338044,1,5/19/2012 05:31:01
600,1001-2012,5/19/2012 6:01,52.9209242,5.4337614,1,5/19/2012 06:01:09
601,1001-2012,5/19/2012 6:31,52.9208865,5.4337469,1,5/19/2012 06:31:13
602,1001-2012,5/19/2012 7:01,52.9208841,5.433749,1,5/19/2012 07:01:06
603,1001-2012,5/19/2012 7:30,52.9213307,5.4334061,1,5/19/2012 07:30:57
604,1001-2012,5/19/2012 8:00,52.9210123,5.4335761,1,5/19/2012 08:00:49
605,1001-2012,5/19/2012 8:31,52.9212377,5.4335838,1,5/19/2012 08:31:07
606,1001-2012,5/19/2012 9:01,52.9208948,5.4337526,1,5/19/2012 09:01:04
607,1001-2012,5/19/2012 9:31,52.9209028,5.433749,1,5/19/2012 09:31:05
608,1001-2012,5/19/2012 10:01,52.9209253,5.4337844,1,5/19/2012 10:01:39
609,1001-2012,5/19/2012 10:31,52.9209278,5.4338128,1,5/19/2012 10:31:44
610,1001-2012,5/19/2012 11:01,52.9207631,5.4340871,1,5/19/2012 11:01:36
611,1001-2012,5/19/2012 11:32,52.9208214,5.4340395,1,5/19/2012 11:32:00
612,1001-2012,5/19/2012 12:32,52.9205718,5.4332184,1,5/19/2012 12:32:00
613,1001-2012,5/19/2012 13:02,52.921111,5.4336333,1,5/19/2012 13:02:10
614,1001-2012,5/19/2012 13:32,52.9209163,5.4338153,1,5/19/2012 13:32:17
615,1001-2012,5/19/2012 14:02,52.9209123,5.4338215,1,5/19/2012 14:02:07
616,1001-2012,5/19/2012 14:32,52.9209241,5.4338015,-1,5/19/2012 14:32:00
617,1001-2012,5/19/2012 15:02,52.9205773,5.4330657,-1,5/19/2012 15:02:09
618,1001-2012,5/19/2012 15:32,52.9206045,5.43269,-1,5/19/2012 15:32:20
619,1001-2012,5/19/2012 16:02,52.9206193,5.4330442,-1,5/19/2012 16:02:08
620,1001-2012,5/19/2012 16:32,52.9205628,5.4330778,-1,5/19/2012 16:32:40
621,1001-2012,5/19/2012 17:02,52.9209036,5.4338376,-1,5/19/2012 17:02:54
622,1001-2012,5/19/2012 17:32,52.920921,5.4338626,-1,5/19/2012 17:32:45
623,1001-2012,5/19/2012 18:02,52.9210359,5.4339182,2,5/19/2012 18:02:50
624,1001-2012,5/19/2012 18:33,52.920911,5.433792,2,5/19/2012 18:33:33
625,1001-2012,5/19/2012 19:03,52.9223353,5.433472,2,5/19/2012 19:03:29
626,1001-2012,5/19/2012 19:33,52.9232094,5.4350883,2,5/19/2012 19:33:21
627,1001-2012,5/19/2012 20:03,52.9231845,5.4349797,2,5/19/2012 20:03:39
628,1001-2012,5/19/2012 20:33,52.9242647,5.4379577,2,5/19/2012 20:33:34
629,1001-2012,5/19/2012 21:03,52.9305713,5.4397419,2,5/19/2012 21:03:26
630,1001-2012,5/19/2012 21:33,52.9307471,5.4401035,2,5/19/2012 21:33:19
631,1001-2012,5/19/2012 22:03,52.9306971,5.4399147,2,5/19/2012 22:03:39
632,1001-2012,5/19/2012 22:33,52.9307269,5.4399616,2,5/19/2012 22:33:45
633,1001-2012,5/19/2012 23:03,52.9306611,5.4397955,2,5/19/2012 23:03:40
634,1001-2012,5/19/2012 23:33,52.9306554,5.439723,-1,5/19/2012 23:33:51
635,1001-2012,5/20/2012 0:04,52.930666,5.4396898,-1,5/20/2012 00:04:10
636,1001-2012,5/20/2012 0:34,52.9306846,5.4396678,1,5/20/2012 00:34:02
637,1001-2012,5/20/2012 1:04,52.9306381,5.4396941,1,5/20/2012 01:04:10
638,1001-2012,5/20/2012 1:34,52.9306508,5.4396703,1,5/20/2012 01:34:04
639,1001-2012,5/20/2012 2:03,52.9304094,5.4399589,1,5/20/2012 02:03:54
640,1001-2012,5/20/2012 2:34,52.9243581,5.4384538,1,5/20/2012 02:34:04
641,1001-2012,5/20/2012 3:04,52.9241527,5.437926,1,5/20/2012 03:04:07
642,1001-2012,5/20/2012 3:34,52.9209155,5.4337634,1,5/20/2012 03:34:18
643,1001-2012,5/20/2012 4:05,52.9208555,5.4337484,1,5/20/2012 04:05:19
644,1001-2012,5/20/2012 4:35,52.9209112,5.433786,1,5/20/2012 04:35:40
645,1001-2012,5/20/2012 5:05,52.9209146,5.4337885,1,5/20/2012 05:05:29
646,1001-2012,5/20/2012 5:35,52.9209276,5.4337919,1,5/20/2012 05:35:21
647,1001-2012,5/20/2012 6:05,52.9211234,5.4333906,1,5/20/2012 06:05:28
648,1001-2012,5/20/2012 6:35,52.9209514,5.4337921,1,5/20/2012 06:35:22
649,1001-2012,5/20/2012 7:05,52.9209629,5.4337814,1,5/20/2012 07:05:24
650,1001-2012,5/20/2012 7:36,52.9209549,5.433765,1,5/20/2012 07:36:02
651,1001-2012,5/20/2012 8:06,52.9210495,5.4338884,1,5/20/2012 08:06:58
652,1001-2012,5/20/2012 8:37,52.9209079,5.433776,1,5/20/2012 08:37:11
653,1001-2012,5/20/2012 9:07,52.9208564,5.4339512,1,5/20/2012 09:07:19
654,1001-2012,5/20/2012 9:37,52.9209043,5.4338042,1,5/20/2012 09:37:11
655,1001-2012,5/20/2012 10:07,52.9209177,5.4337397,1,5/20/2012 10:07:04
656,1001-2012,5/20/2012 10:37,52.9209197,5.4337434,1,5/20/2012 10:37:06
657,1001-2012,5/20/2012 11:07,52.9207855,5.4339896,1,5/20/2012 11:07:18
658,1001-2012,5/20/2012 11:39,52.9208861,5.4338893,1,5/20/2012 11:39:35
659,1001-2012,5/20/2012 12:09,52.9207815,5.4340594,1,5/20/2012 12:09:58
660,1001-2012,5/20/2012 12:40,52.9208541,5.4335769,1,5/20/2012 12:40:17
661,1001-2012,5/20/2012 13:10,52.920927,5.4339697,1,5/20/2012 13:10:14
662,1001-2012,5/20/2012 13:40,52.920924,5.4337465,1,5/20/2012 13:40:17
663,1001-2012,5/20/2012 14:10,52.9209166,5.4337786,1,5/20/2012 14:10:41
664,1001-2012,5/20/2012 14:41,52.9209133,5.4337395,-1,5/20/2012 14:41:06
665,1001-2012,5/20/2012 15:11,52.920909,5.4336267,-1,5/20/2012 15:11:01
666,1001-2012,5/20/2012 15:41,52.9209586,5.4337724,-1,5/20/2012 15:41:10
667,1001-2012,5/20/2012 16:11,52.9206186,5.4335247,-1,5/20/2012 16:11:34
668,1001-2012,5/20/2012 16:41,52.9205758,5.4330678,-1,5/20/2012 16:41:24
669,1001-2012,5/20/2012 17:11,52.9206109,5.4332807,-1,5/20/2012 17:11:33
670,1001-2012,5/20/2012 17:41,52.9209291,5.4337881,-1,5/20/2012 17:41:41
671,1001-2012,5/20/2012 18:11,52.9208545,5.4340101,2,5/20/2012 18:11:37
672,1001-2012,5/20/2012 18:41,52.9209516,5.4337888,2,5/20/2012 18:41:37
673,1001-2012,5/20/2012 19:42,52.92087,5.4327602,2,5/20/2012 19:42:13
674,1001-2012,5/20/2012 20:12,52.9257188,5.4306792,2,5/20/2012 20:12:33
675,1001-2012,5/20/2012 20:42,52.9240523,5.4377419,2,5/20/2012 20:42:49
676,1001-2012,5/20/2012 21:13,52.9304857,5.4398659,2,5/20/2012 21:13:03
677,1001-2012,5/20/2012 21:43,52.9304717,5.4399013,2,5/20/2012 21:43:00
678,1001-2012,5/20/2012 22:13,52.9304066,5.439906,2,5/20/2012 22:13:18
679,1001-2012,5/20/2012 22:43,52.9304112,5.4399082,2,5/20/2012 22:43:40
680,1001-2012,5/20/2012 23:13,52.930598,5.4397469,2,5/20/2012 23:13:38
681,1001-2012,5/20/2012 23:43,52.9306261,5.4397133,2,5/20/2012 23:43:34
682,1001-2012,5/21/2012 0:43,52.9304066,5.4399046,-1,5/21/2012 00:43:33
683,1001-2012,5/21/2012 1:13,52.9304427,5.4399362,-1,5/21/2012 01:13:24
684,1001-2012,5/21/2012 1:43,52.9304238,5.439862,1,5/21/2012 01:43:58
685,1001-2012,5/21/2012 2:14,52.9241342,5.4381087,1,5/21/2012 02:14:10
686,1001-2012,5/21/2012 2:44,52.9240702,5.4382061,1,5/21/2012 02:44:00
687,1001-2012,5/21/2012 3:14,52.9209379,5.4333777,1,5/21/2012 03:14:25
688,1001-2012,5/21/2012 3:46,52.9209068,5.4337622,1,5/21/2012 03:46:27
689,1001-2012,5/21/2012 4:16,52.9208974,5.4337817,1,5/21/2012 04:16:39
690,1001-2012,5/21/2012 4:46,52.9206998,5.4331769,1,5/21/2012 04:46:39
691,1001-2012,5/21/2012 5:16,52.9209429,5.4337639,1,5/21/2012 05:16:32
692,1001-2012,5/21/2012 5:46,52.9209155,5.4337961,1,5/21/2012 05:46:24
693,1001-2012,5/21/2012 6:16,52.920887,5.4337635,1,5/21/2012 06:16:34
694,1001-2012,5/21/2012 6:47,52.9211173,5.4333151,1,5/21/2012 06:47:09
695,1001-2012,5/21/2012 7:17,52.9209401,5.4335878,1,5/21/2012 07:17:06
696,1001-2012,5/21/2012 7:46,52.9207622,5.4332448,1,5/21/2012 07:46:54
697,1001-2012,5/21/2012 8:16,52.9211178,5.433656,1,5/21/2012 08:16:57
698,1001-2012,5/21/2012 8:46,52.9209177,5.4337921,1,5/21/2012 08:46:55
699,1001-2012,5/21/2012 9:16,52.9205768,5.4333828,1,5/21/2012 09:16:49
700,1001-2012,5/21/2012 9:48,52.9209811,5.4337458,1,5/21/2012 09:48:29
701,1001-2012,5/21/2012 10:18,52.9208775,5.4336103,1,5/21/2012 10:18:39
702,1001-2012,5/21/2012 10:48,52.9209209,5.4338024,1,5/21/2012 10:48:32
703,1001-2012,5/21/2012 11:18,52.9209024,5.4337993,1,5/21/2012 11:18:32
704,1001-2012,5/21/2012 11:48,52.9207016,5.4334415,1,5/21/2012 11:48:58
705,1001-2012,5/21/2012 12:19,52.9207479,5.4333786,1,5/21/2012 12:19:04
706,1001-2012,5/21/2012 12:49,52.9208779,5.4338314,1,5/21/2012 12:49:01
707,1001-2012,5/21/2012 13:19,52.9209093,5.4337974,1,5/21/2012 13:19:38
708,1001-2012,5/21/2012 13:49,52.9209196,5.4337981,1,5/21/2012 13:49:49
709,1001-2012,5/21/2012 14:19,52.9209039,5.4337989,1,5/21/2012 14:19:41
710,1001-2012,5/21/2012 14:49,52.9205857,5.4329546,-1,5/21/2012 14:49:50
711,1001-2012,5/21/2012 15:20,52.9206371,5.433901,-1,5/21/2012 15:20:02
712,1001-2012,5/21/2012 15:50,52.9205175,5.4330656,-1,5/21/2012 15:50:00
713,1001-2012,5/21/2012 16:21,52.9209016,5.4337909,-1,5/21/2012 16:21:33
714,1001-2012,5/21/2012 16:52,52.9209069,5.4337955,-1,5/21/2012 16:52:09
715,1001-2012,5/21/2012 17:23,52.9210317,5.4334763,-1,5/21/2012 17:23:24
716,1001-2012,5/21/2012 17:53,52.9208879,5.4337914,-1,5/21/2012 17:53:47
717,1001-2012,5/21/2012 18:24,52.9206053,5.4330729,2,5/21/2012 18:24:10
718,1001-2012,5/21/2012 18:55,52.9207663,5.4340618,2,5/21/2012 18:55:05
719,1001-2012,5/21/2012 19:25,52.9209347,5.4337967,2,5/21/2012 19:25:25
720,1001-2012,5/21/2012 19:55,52.9209212,5.4337873,2,5/21/2012 19:55:32
721,1001-2012,5/21/2012 20:25,52.9162478,5.4174004,2,5/21/2012 20:25:40
722,1001-2012,5/21/2012 20:56,52.9150667,5.4094567,2,5/21/2012 20:56:09
723,1001-2012,5/21/2012 21:26,52.9169078,5.4093723,2,5/21/2012 21:26:02
724,1001-2012,5/21/2012 21:56,52.9169179,5.4093175,2,5/21/2012 21:56:10
725,1001-2012,5/21/2012 22:26,52.9169309,5.4093568,2,5/21/2012 22:26:34
726,1001-2012,5/21/2012 22:56,52.9169505,5.4093582,2,5/21/2012 22:56:44
727,1001-2012,5/21/2012 23:26,52.9169185,5.4094028,2,5/21/2012 23:26:33
728,1001-2012,5/21/2012 23:56,52.9169079,5.4094323,-1,5/21/2012 23:56:25
729,1001-2012,5/22/2012 0:26,52.9168359,5.4095121,-1,5/22/2012 00:26:34
730,1001-2012,5/22/2012 0:56,52.916817,5.4095869,-1,5/22/2012 00:56:24
731,1001-2012,5/22/2012 1:26,52.9167825,5.4095906,-1,5/22/2012 01:26:40
732,1001-2012,5/22/2012 1:56,52.9168384,5.4096104,-1,5/22/2012 01:56:55
733,1001-2012,5/22/2012 2:27,52.9217319,5.4340033,-1,5/22/2012 02:27:05
734,1001-2012,5/22/2012 2:57,52.9212063,5.433238,-1,5/22/2012 02:57:01
735,1001-2012,5/22/2012 3:27,52.9208262,5.4332785,-1,5/22/2012 03:27:18
736,1001-2012,5/22/2012 3:57,52.9209162,5.4327622,-1,5/22/2012 03:57:38
737,1001-2012,5/22/2012 4:27,52.9208961,5.4332403,-1,5/22/2012 04:27:50
738,1001-2012,5/22/2012 4:57,52.9209259,5.4327675,-1,5/22/2012 04:57:47
739,1001-2012,5/22/2012 5:28,52.9207815,5.4331198,-1,5/22/2012 05:28:08
740,1001-2012,5/22/2012 5:58,52.9209622,5.4329456,-1,5/22/2012 05:58:30
741,1001-2012,5/22/2012 6:28,52.9209394,5.4336469,-1,5/22/2012 06:28:39
742,1001-2012,5/22/2012 6:58,52.9210351,5.4335841,-1,5/22/2012 06:58:53
743,1001-2012,5/22/2012 7:28,52.920629,5.4336687,-1,5/22/2012 07:28:38
744,1001-2012,5/22/2012 7:59,52.9207651,5.4333707,-1,5/22/2012 07:59:09
745,1001-2012,5/22/2012 8:29,52.9211091,5.4335969,-1,5/22/2012 08:29:09
746,1001-2012,5/22/2012 8:59,52.920701,5.4331819,-1,5/22/2012 08:59:01
747,1001-2012,5/22/2012 9:29,52.9210606,5.4336648,-1,5/22/2012 09:29:13
748,1001-2012,5/22/2012 9:59,52.9209241,5.4328076,-1,5/22/2012 09:59:01
749,1001-2012,5/22/2012 10:29,52.9209276,5.4329469,-1,5/22/2012 10:29:39
750,1001-2012,5/22/2012 10:59,52.9209396,5.4331931,-1,5/22/2012 10:59:49
751,1001-2012,5/22/2012 11:30,52.9208436,5.432844,-1,5/22/2012 11:30:15
752,1001-2012,5/22/2012 12:00,52.9211447,5.4333546,-1,5/22/2012 12:00:22
753,1001-2012,5/22/2012 12:30,52.9207978,5.4328875,-1,5/22/2012 12:30:31
754,1001-2012,5/22/2012 13:01,52.9208275,5.4327424,-1,5/22/2012 13:01:06
755,1001-2012,5/22/2012 13:31,52.9206922,5.4328557,-1,5/22/2012 13:31:15
756,1001-2012,5/22/2012 14:01,52.9207109,5.4324858,-1,5/22/2012 14:01:10
757,1001-2012,5/22/2012 14:31,52.9207484,5.4327218,-1,5/22/2012 14:31:04
758,1001-2012,5/22/2012 15:01,52.9206018,5.4328417,-1,5/22/2012 15:01:19
759,1001-2012,5/22/2012 15:32,52.9207128,5.4329792,-1,5/22/2012 15:32:09
760,1001-2012,5/22/2012 16:33,52.9149584,5.4096877,-1,5/22/2012 16:33:10
761,1001-2012,5/22/2012 17:03,52.920725,5.4335985,-1,5/22/2012 17:03:32
762,1001-2012,5/22/2012 17:33,52.9212108,5.4334408,-1,5/22/2012 17:33:45
763,1001-2012,5/22/2012 20:05,52.9214928,5.4333892,-1,5/22/2012 20:05:34
764,1001-2012,5/22/2012 20:35,52.9168563,5.4096397,-1,5/22/2012 20:35:29
765,1001-2012,5/22/2012 21:05,52.9167462,5.4095307,-1,5/22/2012 21:05:21
766,1001-2012,5/22/2012 21:35,52.9166543,5.4095043,-1,5/22/2012 21:35:45
767,1001-2012,5/22/2012 22:05,52.9168559,5.4094721,-1,5/22/2012 22:05:38
768,1001-2012,5/22/2012 22:35,52.9168659,5.4095034,-1,5/22/2012 22:35:57
769,1001-2012,5/22/2012 23:05,52.9168389,5.4095018,-1,5/22/2012 23:05:54
770,1001-2012,5/23/2012 0:06,52.9168699,5.4094699,-1,5/23/2012 00:06:39
771,1001-2012,5/23/2012 0:36,52.9168309,5.4094539,-1,5/23/2012 00:36:49
772,1001-2012,5/23/2012 1:36,52.9167336,5.4095519,-1,5/23/2012 01:36:59
773,1001-2012,5/23/2012 2:07,52.9166691,5.4095337,-1,5/23/2012 02:07:10
774,1001-2012,5/23/2012 2:37,52.9240426,5.4377804,4,5/23/2012 02:37:19
775,1001-2012,5/23/2012 3:07,52.9240231,5.4375967,4,5/23/2012 03:07:11
776,1001-2012,5/23/2012 3:37,52.9208043,5.433059,4,5/23/2012 03:37:01
777,1001-2012,5/23/2012 4:07,52.9208447,5.4332636,4,5/23/2012 04:07:39
778,1001-2012,5/23/2012 4:38,52.9211909,5.4334209,4,5/23/2012 04:38:08
779,1001-2012,5/23/2012 5:10,52.9212979,5.4333866,4,5/23/2012 05:10:39
780,1001-2012,5/23/2012 6:10,52.9208321,5.4335794,4,5/23/2012 06:10:39
781,1001-2012,5/23/2012 6:40,52.9210842,5.4337122,4,5/23/2012 06:40:32
782,1001-2012,5/23/2012 7:10,52.9210611,5.4340638,4,5/23/2012 07:10:33
783,1001-2012,5/23/2012 7:41,52.920796,5.4325564,4,5/23/2012 07:41:10
784,1001-2012,5/23/2012 8:11,52.9210457,5.4327192,4,5/23/2012 08:11:12
785,1001-2012,5/23/2012 8:42,52.9206964,5.4330022,4,5/23/2012 08:42:04
786,1001-2012,5/23/2012 9:12,52.9206511,5.433391,4,5/23/2012 09:12:12
787,1001-2012,5/23/2012 9:42,52.9205259,5.4334691,4,5/23/2012 09:42:33
788,1001-2012,5/23/2012 10:12,52.9206018,5.4334006,4,5/23/2012 10:12:50
789,1001-2012,5/23/2012 10:45,52.9205062,5.4333102,4,5/23/2012 10:45:06
790,1001-2012,5/23/2012 11:45,52.9205199,5.4332371,4,5/23/2012 11:45:49
791,1001-2012,5/23/2012 12:16,52.9206196,5.4331635,4,5/23/2012 12:16:12
792,1001-2012,5/23/2012 12:48,52.9210261,5.4337338,4,5/23/2012 12:48:28
793,1001-2012,5/23/2012 13:18,52.9207581,5.433115,4,5/23/2012 13:18:36
794,1001-2012,5/23/2012 13:48,52.9207885,5.4327922,4,5/23/2012 13:48:44
795,1001-2012,5/23/2012 14:21,52.9206598,5.4328317,4,5/23/2012 14:21:09
796,1001-2012,5/23/2012 14:51,52.9208563,5.4325751,4,5/23/2012 14:51:38
797,1001-2012,5/23/2012 15:23,52.9211971,5.4315768,4,5/23/2012 15:23:39
798,1001-2012,5/23/2012 16:24,52.9208575,5.4329152,4,5/23/2012 16:24:57
799,1001-2012,5/23/2012 16:55,52.9206196,5.4330442,4,5/23/2012 16:55:05
800,1001-2012,5/23/2012 17:56,52.9207144,5.4332177,4,5/23/2012 17:56:57
801,1001-2012,5/23/2012 19:29,52.9207711,5.4327655,4,5/23/2012 19:29:45
802,1001-2012,5/23/2012 19:59,52.9210264,5.4323047,4,5/23/2012 19:59:35
803,1001-2012,5/23/2012 20:29,52.9212017,5.4315243,4,5/23/2012 20:29:30
804,1001-2012,5/23/2012 21:00,52.9166815,5.4095832,4,5/23/2012 21:00:09
805,1001-2012,5/23/2012 21:29,52.916696,5.4095565,4,5/23/2012 21:29:59
806,1001-2012,5/23/2012 21:59,52.9167027,5.4095478,4,5/23/2012 21:59:54
807,1001-2012,5/23/2012 22:30,52.9167058,5.4095206,4,5/23/2012 22:30:06
808,1001-2012,5/23/2012 23:30,52.9167129,5.4095679,4,5/23/2012 23:30:04
809,1001-2012,5/23/2012 23:59,52.9167206,5.4095121,4,5/23/2012 23:59:53
810,1001-2012,5/24/2012 0:30,52.916739,5.4096217,4,5/24/2012 00:30:00
811,1001-2012,5/24/2012 1:00,52.9150556,5.4094486,4,5/24/2012 01:00:08
812,1001-2012,5/24/2012 1:29,52.9150401,5.4094898,4,5/24/2012 01:29:57
813,1001-2012,5/24/2012 2:00,52.9150483,5.4097878,4,5/24/2012 02:00:11
814,1001-2012,5/24/2012 2:29,52.9212973,5.4319094,4,5/24/2012 02:29:57
815,1001-2012,5/24/2012 3:00,52.9209546,5.4336773,4,5/24/2012 03:00:10
816,1001-2012,5/24/2012 3:30,52.920931,5.4332015,4,5/24/2012 03:30:00
817,1001-2012,5/24/2012 4:00,52.920861,5.4330639,4,5/24/2012 04:00:39
818,1001-2012,5/24/2012 4:31,52.9207719,5.4330055,4,5/24/2012 04:31:03
819,1001-2012,5/24/2012 5:00,52.9209545,5.433563,4,5/24/2012 05:00:52
820,1001-2012,5/24/2012 5:33,52.9208072,5.4330496,4,5/24/2012 05:33:20
821,1001-2012,5/24/2012 6:05,52.9207605,5.4332762,4,5/24/2012 06:05:40
822,1001-2012,5/24/2012 6:36,52.9209025,5.4330416,4,5/24/2012 06:36:09
823,1001-2012,5/24/2012 7:05,52.9212342,5.4328091,4,5/24/2012 07:05:57
824,1001-2012,5/24/2012 7:35,52.9210709,5.4327352,4,5/24/2012 07:35:47
825,1001-2012,5/24/2012 8:35,52.9207309,5.4334229,4,5/24/2012 08:35:50
826,1001-2012,5/24/2012 9:05,52.9209232,5.4322255,4,5/24/2012 09:05:41
827,1001-2012,5/24/2012 9:36,52.9209048,5.4328481,4,5/24/2012 09:36:01
828,1001-2012,5/24/2012 10:06,52.9207862,5.4329497,4,5/24/2012 10:06:28
829,1001-2012,5/24/2012 10:36,52.9207983,5.4329152,4,5/24/2012 10:36:20
830,1001-2012,5/24/2012 11:07,52.9206222,5.4330958,4,5/24/2012 11:07:16
831,1001-2012,5/24/2012 11:37,52.9211876,5.4329501,4,5/24/2012 11:37:17
832,1001-2012,5/24/2012 12:07,52.9216376,5.4330442,4,5/24/2012 12:07:40
833,1001-2012,5/24/2012 12:37,52.9210693,5.4333603,4,5/24/2012 12:37:54
834,1001-2012,5/24/2012 13:08,52.9209523,5.4331924,4,5/24/2012 13:08:40
835,1001-2012,5/24/2012 13:38,52.9209729,5.4333869,4,5/24/2012 13:38:41
836,1001-2012,5/24/2012 14:08,52.9208999,5.433552,4,5/24/2012 14:08:51
837,1001-2012,5/24/2012 14:38,52.9209422,5.433538,4,5/24/2012 14:38:53
838,1001-2012,5/24/2012 15:09,52.9209153,5.4335111,4,5/24/2012 15:09:38
839,1001-2012,5/24/2012 15:39,52.9209576,5.4331483,4,5/24/2012 15:39:28
840,1001-2012,5/24/2012 16:09,52.9209102,5.4332114,4,5/24/2012 16:09:47
841,1001-2012,5/24/2012 16:40,52.9205986,5.4330646,4,5/24/2012 16:40:34
842,1001-2012,5/24/2012 17:41,52.9209086,5.4328858,4,5/24/2012 17:41:08
843,1001-2012,5/24/2012 18:10,52.9207342,5.4336188,4,5/24/2012 18:10:57
844,1001-2012,5/24/2012 18:41,52.9207362,5.4330724,4,5/24/2012 18:41:39
845,1001-2012,5/24/2012 19:11,52.9204958,5.4336627,4,5/24/2012 19:11:46
846,1001-2012,5/24/2012 19:42,52.9207386,5.4331923,4,5/24/2012 19:42:03
847,1001-2012,5/24/2012 20:12,52.9208499,5.4327776,4,5/24/2012 20:12:27
848,1001-2012,5/24/2012 20:42,52.9212657,5.4317528,4,5/24/2012 20:42:39
849,1001-2012,5/24/2012 21:13,52.9167122,5.4095929,4,5/24/2012 21:13:01
850,1001-2012,5/24/2012 21:43,52.9166219,5.409405,4,5/24/2012 21:43:10
851,1001-2012,5/24/2012 22:13,52.9150548,5.4095213,4,5/24/2012 22:13:02
852,1001-2012,5/24/2012 22:43,52.9150275,5.4094232,4,5/24/2012 22:43:14
853,1001-2012,5/24/2012 23:13,52.9150933,5.4093713,4,5/24/2012 23:13:02
854,1001-2012,5/24/2012 23:42,52.9167131,5.4096437,4,5/24/2012 23:42:55
855,1001-2012,5/25/2012 0:13,52.9167078,5.4095923,4,5/25/2012 00:13:36
856,1001-2012,5/25/2012 0:43,52.9167592,5.4095887,4,5/25/2012 00:43:36
857,1001-2012,5/25/2012 1:13,52.916785,5.409577,4,5/25/2012 01:13:32
858,1001-2012,5/25/2012 1:43,52.9167619,5.4095511,4,5/25/2012 01:43:41
859,1001-2012,5/25/2012 2:13,52.9212685,5.4317621,4,5/25/2012 02:13:32
860,1001-2012,5/25/2012 2:43,52.9210031,5.4329077,4,5/25/2012 02:43:54
861,1001-2012,5/25/2012 3:14,52.9210222,5.4335313,4,5/25/2012 03:14:10
862,1001-2012,5/25/2012 3:44,52.9208457,5.4328637,4,5/25/2012 03:44:26
863,1001-2012,5/25/2012 4:14,52.9209799,5.4331286,4,5/25/2012 04:14:20
864,1001-2012,5/25/2012 4:44,52.9210002,5.4332815,4,5/25/2012 04:44:31
865,1001-2012,5/25/2012 5:14,52.920932,5.4336261,4,5/25/2012 05:14:20
866,1001-2012,5/25/2012 5:44,52.9207834,5.4330576,4,5/25/2012 05:44:14
867,1001-2012,5/25/2012 6:14,52.9209128,5.4329823,4,5/25/2012 06:14:33
868,1001-2012,5/25/2012 6:44,52.9209162,5.4329168,4,5/25/2012 06:44:30
869,1001-2012,5/25/2012 7:14,52.9209312,5.4327916,4,5/25/2012 07:14:18
870,1001-2012,5/25/2012 7:44,52.9209476,5.432357,4,5/25/2012 07:44:16
871,1001-2012,5/25/2012 8:14,52.920865,5.43305,4,5/25/2012 08:14:21
872,1001-2012,5/25/2012 8:44,52.920875,5.4339951,4,5/25/2012 08:44:58
873,1001-2012,5/25/2012 9:15,52.9208339,5.434024,4,5/25/2012 09:15:03
874,1001-2012,5/25/2012 9:44,52.9208098,5.4341149,4,5/25/2012 09:44:58
875,1001-2012,5/25/2012 10:14,52.9204659,5.4336499,4,5/25/2012 10:14:49
876,1001-2012,5/25/2012 10:44,52.92055,5.4335448,4,5/25/2012 10:44:42
877,1001-2012,5/25/2012 11:14,52.9207206,5.4335448,4,5/25/2012 11:14:47
878,1001-2012,5/25/2012 11:45,52.92081,5.4337067,4,5/25/2012 11:45:09
879,1001-2012,5/25/2012 12:15,52.9207992,5.4329609,4,5/25/2012 12:15:04
880,1001-2012,5/25/2012 12:44,52.9210312,5.4341292,4,5/25/2012 12:44:57
881,1001-2012,5/25/2012 13:15,52.9206517,5.4333011,4,5/25/2012 13:15:05
882,1001-2012,5/25/2012 13:44,52.9208597,5.4334367,4,5/25/2012 13:44:55
883,1001-2012,5/25/2012 14:15,52.9209525,5.4335579,4,5/25/2012 14:15:09
884,1001-2012,5/25/2012 15:15,52.9209114,5.4340005,4,5/25/2012 15:15:05
885,1001-2012,5/25/2012 15:44,52.9086348,5.4377143,4,5/25/2012 15:44:54
886,1001-2012,5/25/2012 16:15,52.9209903,5.4327736,4,5/25/2012 16:15:10
887,1001-2012,5/25/2012 16:44,52.9208561,5.4332672,4,5/25/2012 16:44:56
888,1001-2012,5/25/2012 17:14,52.9208838,5.433218,4,5/25/2012 17:14:46
889,1001-2012,5/25/2012 17:44,52.9208831,5.433257,4,5/25/2012 17:44:39
890,1001-2012,5/25/2012 18:15,52.9204765,5.4334677,4,5/25/2012 18:15:09
891,1001-2012,5/25/2012 18:44,52.9208889,5.4334786,4,5/25/2012 18:44:53
892,1001-2012,5/25/2012 19:14,52.9083221,5.4365229,4,5/25/2012 19:14:47
893,1001-2012,5/25/2012 19:44,52.9082442,5.4363943,4,5/25/2012 19:44:37
894,1001-2012,5/25/2012 20:14,52.9149375,5.409532,4,5/25/2012 20:14:46
895,1001-2012,5/25/2012 20:45,52.91514,5.4094284,4,5/25/2012 20:45:03
896,1001-2012,5/25/2012 21:15,52.9150626,5.409539,4,5/25/2012 21:15:34
897,1001-2012,5/25/2012 21:45,52.9150769,5.4095628,4,5/25/2012 21:45:43
898,1001-2012,5/25/2012 22:15,52.9150389,5.4095125,4,5/25/2012 22:15:33
899,1001-2012,5/25/2012 22:45,52.9150175,5.4095872,4,5/25/2012 22:45:35
900,1001-2012,5/25/2012 23:15,52.9150563,5.409622,4,5/25/2012 23:15:49
901,1001-2012,5/25/2012 23:45,52.9150341,5.4096441,4,5/25/2012 23:45:52
902,1001-2012,5/26/2012 0:16,52.9150386,5.4095637,4,5/26/2012 00:16:09
903,1001-2012,5/26/2012 0:46,52.9150494,5.4095456,4,5/26/2012 00:46:12
904,1001-2012,5/26/2012 1:16,52.9151006,5.4093032,4,5/26/2012 01:16:22
905,1001-2012,5/26/2012 1:46,52.9150973,5.4093341,4,5/26/2012 01:46:12
906,1001-2012,5/26/2012 2:16,52.9150212,5.4094417,4,5/26/2012 02:16:05
907,1001-2012,5/26/2012 2:46,52.9150681,5.4100179,4,5/26/2012 02:46:23
908,1001-2012,5/26/2012 3:17,52.9209521,5.4329277,4,5/26/2012 03:17:20
909,1001-2012,5/26/2012 3:47,52.9205346,5.4332933,4,5/26/2012 03:47:40
910,1001-2012,5/26/2012 4:17,52.9207725,5.4330443,4,5/26/2012 04:17:53
911,1001-2012,5/26/2012 4:47,52.9209512,5.43296,4,5/26/2012 04:47:46
912,1001-2012,5/26/2012 5:19,52.9209646,5.4329803,4,5/26/2012 05:19:30
913,1001-2012,5/26/2012 5:50,52.9207635,5.4330939,4,5/26/2012 05:50:14
914,1001-2012,5/26/2012 6:21,52.9211345,5.4331801,4,5/26/2012 06:21:03
915,1001-2012,5/26/2012 6:50,52.9203822,5.4335859,4,5/26/2012 06:50:57
916,1001-2012,5/26/2012 7:21,52.9203075,5.4338519,4,5/26/2012 07:21:10
917,1001-2012,5/26/2012 7:50,52.920689,5.4333748,4,5/26/2012 07:50:57
918,1001-2012,5/26/2012 8:21,52.9207328,5.4334748,4,5/26/2012 08:21:08
919,1001-2012,5/26/2012 8:50,52.9210444,5.4334957,4,5/26/2012 08:50:59
920,1001-2012,5/26/2012 9:21,52.9210096,5.4335139,4,5/26/2012 09:21:09
921,1001-2012,5/26/2012 9:51,52.920984,5.4321692,4,5/26/2012 09:51:11
922,1001-2012,5/26/2012 10:21,52.9211741,5.4314351,4,5/26/2012 10:21:05
923,1001-2012,5/26/2012 10:51,52.9209764,5.4321559,4,5/26/2012 10:51:24
924,1001-2012,5/26/2012 11:21,52.9208686,5.4323594,4,5/26/2012 11:21:39
925,1001-2012,5/26/2012 11:51,52.9208557,5.4325785,4,5/26/2012 11:51:28
926,1001-2012,5/26/2012 12:23,52.920944,5.4327145,4,5/26/2012 12:23:10
927,1001-2012,5/26/2012 12:53,52.9210004,5.4332573,4,5/26/2012 12:53:32
928,1001-2012,5/26/2012 13:23,52.9210894,5.4335794,4,5/26/2012 13:23:45
929,1001-2012,5/26/2012 13:53,52.9211993,5.4335038,4,5/26/2012 13:53:35
930,1001-2012,5/26/2012 14:24,52.9208534,5.4333196,4,5/26/2012 14:24:03
931,1001-2012,5/26/2012 14:54,52.921249,5.4334729,4,5/26/2012 14:54:25
932,1001-2012,5/26/2012 15:24,52.9213381,5.4321034,4,5/26/2012 15:24:29
933,1001-2012,5/26/2012 15:55,52.9212145,5.4335367,4,5/26/2012 15:55:40
934,1001-2012,5/26/2012 16:25,52.9211706,5.4332946,4,5/26/2012 16:25:49
935,1001-2012,5/26/2012 16:55,52.9082148,5.4370904,4,5/26/2012 16:55:58
936,1001-2012,5/26/2012 17:25,52.9081797,5.4371579,4,5/26/2012 17:25:52
937,1001-2012,5/26/2012 17:55,52.9081461,5.4372181,4,5/26/2012 17:55:43
938,1001-2012,5/26/2012 18:26,52.9081139,5.4371915,4,5/26/2012 18:26:03
939,1001-2012,5/26/2012 18:56,52.9080578,5.4370338,4,5/26/2012 18:56:13
940,1001-2012,5/26/2012 19:26,52.9081151,5.4369491,4,5/26/2012 19:26:08
941,1001-2012,5/26/2012 19:55,52.9080323,5.4370748,4,5/26/2012 19:55:59
942,1001-2012,5/26/2012 20:26,52.908052,5.4375572,4,5/26/2012 20:26:08
943,1001-2012,5/26/2012 20:56,52.9150686,5.409616,4,5/26/2012 20:56:09
944,1001-2012,5/26/2012 21:26,52.915013,5.4095327,4,5/26/2012 21:26:13
945,1001-2012,5/26/2012 21:56,52.9150422,5.4094278,4,5/26/2012 21:56:40
946,1001-2012,5/26/2012 22:27,52.9150657,5.409433,4,5/26/2012 22:27:09
947,1001-2012,5/26/2012 22:56,52.9150649,5.4093938,4,5/26/2012 22:56:58
948,1001-2012,5/26/2012 23:27,52.9150552,5.4093838,4,5/26/2012 23:27:01
949,1001-2012,5/26/2012 23:57,52.9150563,5.4094301,4,5/26/2012 23:57:18
950,1001-2012,5/27/2012 0:27,52.9150786,5.4094611,4,5/27/2012 00:27:09
951,1001-2012,5/27/2012 0:57,52.915056,5.4093817,4,5/27/2012 00:57:27
952,1001-2012,5/27/2012 1:27,52.9149976,5.4095107,4,5/27/2012 01:27:38
953,1001-2012,5/27/2012 1:57,52.9150265,5.4095246,4,5/27/2012 01:57:49
954,1001-2012,5/27/2012 2:28,52.9080276,5.4369304,4,5/27/2012 02:28:09
955,1001-2012,5/27/2012 2:58,52.9081102,5.437108,4,5/27/2012 02:58:20
956,1001-2012,5/27/2012 3:28,52.9081158,5.4373065,4,5/27/2012 03:28:38
957,1001-2012,5/27/2012 3:58,52.9183286,5.433061,4,5/27/2012 03:58:49
958,1001-2012,5/27/2012 4:29,52.9209126,5.4331685,4,5/27/2012 04:29:28
959,1001-2012,5/27/2012 4:59,52.9201866,5.4338445,4,5/27/2012 04:59:21
960,1001-2012,5/27/2012 5:29,52.9201392,5.4337506,4,5/27/2012 05:29:15
961,1001-2012,5/27/2012 5:59,52.9207646,5.4334438,4,5/27/2012 05:59:30
962,1001-2012,5/27/2012 6:30,52.9206079,5.4334345,4,5/27/2012 06:30:03
963,1001-2012,5/27/2012 7:00,52.9207277,5.4335582,4,5/27/2012 07:00:10
964,1001-2012,5/27/2012 7:30,52.9209378,5.4328615,4,5/27/2012 07:30:00
965,1001-2012,5/27/2012 8:00,52.9210275,5.4329215,4,5/27/2012 08:00:29
966,1001-2012,5/27/2012 8:30,52.9205076,5.4334404,4,5/27/2012 08:30:48
967,1001-2012,5/27/2012 9:00,52.920714,5.4332346,4,5/27/2012 09:00:41
968,1001-2012,5/27/2012 9:30,52.9207746,5.4330329,4,5/27/2012 09:30:47
969,1001-2012,5/27/2012 10:01,52.9205863,5.4330607,4,5/27/2012 10:01:09
970,1001-2012,5/27/2012 10:31,52.9207664,5.4328713,4,5/27/2012 10:31:03
971,1001-2012,5/27/2012 11:01,52.9208089,5.4331936,4,5/27/2012 11:01:13
972,1001-2012,5/27/2012 11:31,52.920558,5.4336757,4,5/27/2012 11:31:04
973,1001-2012,5/27/2012 12:00,52.9211904,5.4334272,4,5/27/2012 12:00:58
974,1001-2012,5/27/2012 12:31,52.9208928,5.4326231,4,5/27/2012 12:31:10
975,1001-2012,5/27/2012 13:03,52.920842,5.4322687,4,5/27/2012 13:03:34
976,1001-2012,5/27/2012 13:33,52.9210849,5.4316373,4,5/27/2012 13:33:25
977,1001-2012,5/27/2012 14:06,52.9206292,5.4334622,4,5/27/2012 14:06:14
978,1001-2012,5/27/2012 14:37,52.9204925,5.4334843,4,5/27/2012 14:37:25
979,1001-2012,5/27/2012 15:07,52.920632,5.4338287,4,5/27/2012 15:07:38
980,1001-2012,5/27/2012 15:38,52.9209133,5.433053,4,5/27/2012 15:38:27
981,1001-2012,5/27/2012 16:08,52.9205725,5.4331054,4,5/27/2012 16:08:53
982,1001-2012,5/27/2012 16:38,52.9085635,5.437195,4,5/27/2012 16:38:44
983,1001-2012,5/27/2012 17:39,52.9083082,5.4370866,4,5/27/2012 17:39:17
984,1001-2012,5/27/2012 18:40,52.920617,5.43295,4,5/27/2012 18:40:09
985,1001-2012,5/27/2012 19:40,52.9205257,5.432972,4,5/27/2012 19:40:02
986,1001-2012,5/27/2012 20:10,52.9206019,5.4329987,4,5/27/2012 20:10:00
987,1001-2012,5/27/2012 20:39,52.920339,5.4337379,4,5/27/2012 20:39:48
988,1001-2012,5/27/2012 21:40,52.9150256,5.4095373,4,5/27/2012 21:40:09
989,1001-2012,5/27/2012 22:09,52.915031,5.4095252,4,5/27/2012 22:09:53
990,1001-2012,5/27/2012 22:40,52.915024,5.4095082,4,5/27/2012 22:40:03
991,1001-2012,5/28/2012 0:10,52.9150236,5.4094807,4,5/28/2012 00:10:39
992,1001-2012,5/28/2012 1:40,52.9150209,5.4094656,4,5/28/2012 01:40:34
993,1001-2012,5/28/2012 2:10,52.9150594,5.4094203,4,5/28/2012 02:10:41
994,1001-2012,5/28/2012 2:41,52.9150617,5.4094585,4,5/28/2012 02:41:08
995,1001-2012,5/28/2012 3:41,52.9204203,5.4333577,4,5/28/2012 03:41:53
996,1001-2012,5/28/2012 4:12,52.9204837,5.4331468,4,5/28/2012 04:12:35
997,1001-2012,5/28/2012 4:42,52.9203283,5.43349,4,5/28/2012 04:42:23
998,1001-2012,5/28/2012 5:13,52.9205221,5.4332657,4,5/28/2012 05:13:06
999,1001-2012,5/28/2012 5:44,52.9205147,5.4332481,4,5/28/2012 05:44:31
1000,1001-2012,5/28/2012 6:14,52.9202274,5.4335978,4,5/28/2012 06:14:57
1001,1001-2012,5/28/2012 6:45,52.9205747,5.4331543,4,5/28/2012 06:45:03
1002,1001-2012,5/28/2012 7:15,52.9208528,5.432944,4,5/28/2012 07:15:11
1003,1001-2012,5/28/2012 7:45,52.9209721,5.4331559,4,5/28/2012 07:45:04
1004,1001-2012,5/28/2012 8:14,52.9209439,5.4331976,4,5/28/2012 08:14:57
1005,1001-2012,5/28/2012 8:46,52.9208223,5.4331819,4,5/28/2012 08:46:56
1006,1001-2012,5/28/2012 9:17,52.9207948,5.4332742,4,5/28/2012 09:17:09
1007,1001-2012,5/28/2012 9:46,52.9207665,5.4334096,4,5/28/2012 09:46:53
1008,1001-2012,5/28/2012 10:17,52.9209509,5.4333312,4,5/28/2012 10:17:08
1009,1001-2012,5/28/2012 10:46,52.9207401,5.432591,4,5/28/2012 10:46:53
1010,1001-2012,5/28/2012 11:17,52.9208906,5.4322992,4,5/28/2012 11:17:06
1011,1001-2012,5/28/2012 11:47,52.9208799,5.4327432,4,5/28/2012 11:47:44
1012,1001-2012,5/28/2012 12:18,52.9210982,5.4325644,4,5/28/2012 12:18:13
1013,1001-2012,5/28/2012 13:18,52.9207525,5.432446,4,5/28/2012 13:18:55
1014,1001-2012,5/28/2012 13:52,52.9208324,5.4323804,4,5/28/2012 13:52:15
1015,1001-2012,5/28/2012 14:22,52.920726,5.4328854,4,5/28/2012 14:22:33
1016,1001-2012,5/28/2012 14:52,52.9207562,5.4331178,4,5/28/2012 14:52:48
1017,1001-2012,5/28/2012 15:23,52.9205497,5.4333244,4,5/28/2012 15:23:10
1018,1001-2012,5/28/2012 15:53,52.9206297,5.4330637,4,5/28/2012 15:53:15
1019,1001-2012,5/28/2012 16:24,52.9208405,5.4328074,4,5/28/2012 16:24:42
1020,1001-2012,5/28/2012 17:25,52.9203849,5.4334136,4,5/28/2012 17:25:17
1021,1001-2012,5/28/2012 17:55,52.9205252,5.4329751,4,5/28/2012 17:55:10
1022,1001-2012,5/28/2012 18:25,52.9207543,5.4331417,4,5/28/2012 18:25:39
1023,1001-2012,5/28/2012 18:55,52.9207466,5.4331184,4,5/28/2012 18:55:38
1024,1001-2012,5/28/2012 19:25,52.9208562,5.4328604,4,5/28/2012 19:25:46
1025,1001-2012,5/28/2012 19:55,52.920952,5.4331317,4,5/28/2012 19:55:55
1026,1001-2012,5/28/2012 20:26,52.921044,5.4330683,4,5/28/2012 20:26:05
1027,1001-2012,5/28/2012 21:26,52.9150233,5.4094954,4,5/28/2012 21:26:09
1028,1001-2012,5/28/2012 21:56,52.9150402,5.4094974,4,5/28/2012 21:56:24
1029,1001-2012,5/28/2012 22:26,52.9150678,5.4093844,4,5/28/2012 22:26:16
1030,1001-2012,5/28/2012 22:56,52.91507,5.4093156,4,5/28/2012 22:56:09
1031,1001-2012,5/28/2012 23:26,52.9150481,5.409344,4,5/28/2012 23:26:15
1032,1001-2012,5/28/2012 23:56,52.9149722,5.4095667,4,5/28/2012 23:56:24
1033,1001-2012,5/29/2012 0:26,52.9149766,5.4095321,4,5/29/2012 00:26:39
1034,1001-2012,5/29/2012 0:56,52.9149268,5.4096808,4,5/29/2012 00:56:44
1035,1001-2012,5/29/2012 1:56,52.9149894,5.4097286,4,5/29/2012 01:56:40
1036,1001-2012,5/29/2012 2:26,52.9150807,5.4099466,4,5/29/2012 02:26:40
1037,1001-2012,5/29/2012 2:57,52.9205105,5.4333629,4,5/29/2012 02:57:05
1038,1001-2012,5/29/2012 3:27,52.9206781,5.4338256,4,5/29/2012 03:27:04
1039,1001-2012,5/29/2012 3:57,52.9205131,5.4330433,4,5/29/2012 03:57:06
1040,1001-2012,5/29/2012 4:27,52.9205456,5.4331718,4,5/29/2012 04:27:39
1041,1001-2012,5/29/2012 4:57,52.9209176,5.4328851,4,5/29/2012 04:57:26
1042,1001-2012,5/29/2012 5:27,52.9208763,5.4328363,4,5/29/2012 05:27:39
1043,1001-2012,5/29/2012 5:58,52.9207291,5.4334082,4,5/29/2012 05:58:09
1044,1001-2012,5/29/2012 6:28,52.9199359,5.4334016,4,5/29/2012 06:28:37
1045,1001-2012,5/29/2012 6:58,52.9206056,5.4327849,4,5/29/2012 06:58:30
1046,1001-2012,5/29/2012 7:28,52.9206508,5.4326291,4,5/29/2012 07:28:23
1047,1001-2012,5/29/2012 8:28,52.9207831,5.4327993,4,5/29/2012 08:28:34
1048,1001-2012,5/29/2012 8:58,52.9207094,5.4333691,4,5/29/2012 08:58:33
1049,1001-2012,5/29/2012 9:28,52.9206153,5.4332107,4,5/29/2012 09:28:37
1050,1001-2012,5/29/2012 9:58,52.9210224,5.433017,4,5/29/2012 09:58:32
1051,1001-2012,5/29/2012 10:28,52.9209733,5.4327551,4,5/29/2012 10:28:25
1052,1001-2012,5/29/2012 10:59,52.9210121,5.4323586,4,5/29/2012 10:59:30
1053,1001-2012,5/29/2012 11:31,52.9208082,5.432829,4,5/29/2012 11:31:33
1054,1001-2012,5/29/2012 12:03,52.9209738,5.4330282,4,5/29/2012 12:03:35
1055,1001-2012,5/29/2012 12:33,52.9210471,5.4330499,4,5/29/2012 12:33:28
1056,1001-2012,5/29/2012 13:03,52.9209983,5.4329844,4,5/29/2012 13:03:34
1057,1001-2012,5/29/2012 13:33,52.9209238,5.4331768,4,5/29/2012 13:33:24
1058,1001-2012,5/29/2012 14:34,52.9205941,5.4330644,4,5/29/2012 14:34:25
1059,1001-2012,5/29/2012 15:04,52.9207511,5.4332772,4,5/29/2012 15:04:50
1060,1001-2012,5/29/2012 15:34,52.9208998,5.4330107,4,5/29/2012 15:34:55
1061,1001-2012,5/29/2012 16:05,52.9212914,5.4318811,4,5/29/2012 16:05:39
1062,1001-2012,5/29/2012 16:35,52.9211812,5.4314789,4,5/29/2012 16:35:30
1063,1001-2012,5/29/2012 17:05,52.9212254,5.4315805,4,5/29/2012 17:05:23
1064,1001-2012,5/29/2012 17:35,52.92118,5.4315836,4,5/29/2012 17:35:30
1065,1001-2012,5/29/2012 18:05,52.9212217,5.4315937,4,5/29/2012 18:05:22
1066,1001-2012,5/29/2012 18:35,52.9211716,5.4316805,4,5/29/2012 18:35:22
1067,1001-2012,5/29/2012 19:05,52.9212075,5.4318027,4,5/29/2012 19:05:39
1068,1001-2012,5/29/2012 19:36,52.9206292,5.4326278,4,5/29/2012 19:36:00
1069,1001-2012,5/29/2012 20:06,52.9203843,5.4334804,4,5/29/2012 20:06:09
1070,1001-2012,5/29/2012 20:36,52.920601,5.432791,4,5/29/2012 20:36:06
1071,1001-2012,5/29/2012 21:06,52.9304213,5.4398608,4,5/29/2012 21:06:39
1072,1001-2012,5/29/2012 21:36,52.9309372,5.4400414,4,5/29/2012 21:36:34
1073,1001-2012,5/29/2012 22:06,52.9310287,5.4401376,4,5/29/2012 22:06:23
1074,1001-2012,5/29/2012 22:36,52.9309332,5.4400111,4,5/29/2012 22:36:32
1075,1001-2012,5/29/2012 23:06,52.9309148,5.4399186,4,5/29/2012 23:06:28
1076,1001-2012,5/29/2012 23:36,52.9310436,5.44005,4,5/29/2012 23:36:29
1077,1001-2012,5/30/2012 0:06,52.9310244,5.4400515,4,5/30/2012 00:06:39
1078,1001-2012,5/30/2012 0:36,52.9310828,5.4401885,4,5/30/2012 00:36:46
1079,1001-2012,5/30/2012 1:06,52.9311093,5.4402639,4,5/30/2012 01:06:42
1080,1001-2012,5/30/2012 1:36,52.9309711,5.440163,4,5/30/2012 01:36:31
1081,1001-2012,5/30/2012 2:06,52.9204565,5.431731,4,5/30/2012 02:06:54
1082,1001-2012,5/30/2012 2:37,52.9199141,5.4324173,4,5/30/2012 02:37:10
1083,1001-2012,5/30/2012 3:07,52.9198464,5.4326495,4,5/30/2012 03:07:25
1084,1001-2012,5/30/2012 3:37,52.9198553,5.432708,4,5/30/2012 03:37:41
1085,1001-2012,5/30/2012 4:08,52.9198244,5.4330264,4,5/30/2012 04:08:28
1086,1001-2012,5/30/2012 4:38,52.9205998,5.4329543,4,5/30/2012 04:38:40
1087,1001-2012,5/30/2012 5:11,52.9206314,5.432926,4,5/30/2012 05:11:43
1088,1001-2012,5/30/2012 5:41,52.9208204,5.4332848,4,5/30/2012 05:41:35
1089,1001-2012,5/30/2012 6:11,52.9210414,5.4333396,4,5/30/2012 06:11:39
1090,1001-2012,5/30/2012 6:41,52.9208444,5.4330148,4,5/30/2012 06:41:31
1091,1001-2012,5/30/2012 7:12,52.919866,5.4333258,4,5/30/2012 07:12:13
1092,1001-2012,5/30/2012 7:42,52.9205001,5.4326613,4,5/30/2012 07:42:04
1093,1001-2012,5/30/2012 8:12,52.9210475,5.4315973,4,5/30/2012 08:12:01
1094,1001-2012,5/30/2012 8:42,52.9209722,5.4318805,4,5/30/2012 08:42:33
1095,1001-2012,5/30/2012 9:12,52.9207101,5.4324641,4,5/30/2012 09:12:46
1096,1001-2012,5/30/2012 9:43,52.9206098,5.4324223,4,5/30/2012 09:43:03
1097,1001-2012,5/30/2012 10:13,52.920807,5.4320264,4,5/30/2012 10:13:15
1098,1001-2012,5/30/2012 10:43,52.9211181,5.4315819,4,5/30/2012 10:43:10
1099,1001-2012,5/30/2012 11:13,52.9211734,5.4314479,4,5/30/2012 11:13:02
1100,1001-2012,5/30/2012 11:43,52.9209835,5.431987,4,5/30/2012 11:43:36
1101,1001-2012,5/30/2012 12:14,52.9208818,5.4324034,4,5/30/2012 12:14:04
1102,1001-2012,5/30/2012 12:43,52.9216083,5.4330517,4,5/30/2012 12:43:54
1103,1001-2012,5/30/2012 13:15,52.9214076,5.4328162,4,5/30/2012 13:15:54
1104,1001-2012,5/30/2012 13:47,52.9209038,5.4331323,4,5/30/2012 13:47:05
1105,1001-2012,5/30/2012 14:17,52.9208381,5.4329394,4,5/30/2012 14:17:01
1106,1001-2012,5/30/2012 14:46,52.920866,5.4329751,4,5/30/2012 14:46:55
1107,1001-2012,5/30/2012 15:17,52.9197288,5.4329001,4,5/30/2012 15:17:16
1108,1001-2012,5/30/2012 15:49,52.9196895,5.4328109,4,5/30/2012 15:49:10
1109,1001-2012,5/30/2012 16:19,52.9196252,5.432593,4,5/30/2012 16:19:05
1110,1001-2012,5/30/2012 16:51,52.9196257,5.4333451,4,5/30/2012 16:51:04
1111,1001-2012,5/30/2012 17:20,52.92,5.4331693,4,5/30/2012 17:20:55
1112,1001-2012,5/30/2012 17:50,52.9197494,5.4330827,4,5/30/2012 17:50:49
1113,1001-2012,5/30/2012 18:21,52.9196887,5.4333496,4,5/30/2012 18:21:39
1114,1001-2012,5/30/2012 19:21,52.9195679,5.4335284,4,5/30/2012 19:21:26
1115,1001-2012,5/30/2012 19:51,52.9196283,5.4333266,4,5/30/2012 19:51:36
1116,1001-2012,5/30/2012 20:21,52.9197101,5.4329541,4,5/30/2012 20:21:31
1117,1001-2012,5/30/2012 20:51,52.9195318,5.432672,4,5/30/2012 20:51:21
1118,1001-2012,5/30/2012 21:21,52.9150882,5.409335,4,5/30/2012 21:21:34
1119,1001-2012,5/30/2012 21:51,52.9149491,5.4095417,4,5/30/2012 21:51:49
1120,1001-2012,5/30/2012 22:21,52.9149124,5.4095287,4,5/30/2012 22:21:43
1121,1001-2012,5/30/2012 22:51,52.9149254,5.4095191,4,5/30/2012 22:51:35
1122,1001-2012,5/30/2012 23:21,52.9149451,5.4094482,4,5/30/2012 23:21:46
1123,1001-2012,5/30/2012 23:52,52.9149904,5.4094578,4,5/30/2012 23:52:06
1124,1001-2012,5/31/2012 0:21,52.9149663,5.409458,4,5/31/2012 00:21:57
1125,1001-2012,5/31/2012 0:52,52.9149694,5.4094414,4,5/31/2012 00:52:21
1126,1001-2012,5/31/2012 1:22,52.9149585,5.4094728,4,5/31/2012 01:22:15
1127,1001-2012,5/31/2012 1:52,52.9149494,5.409493,4,5/31/2012 01:52:17
1128,1001-2012,5/31/2012 2:22,52.9143733,5.4153696,4,5/31/2012 02:22:39
1129,1001-2012,5/31/2012 2:52,52.9080889,5.4369647,4,5/31/2012 02:52:56
1130,1001-2012,5/31/2012 3:23,52.9081017,5.4369483,4,5/31/2012 03:23:08
1131,1001-2012,5/31/2012 3:53,52.9084697,5.4371187,4,5/31/2012 03:53:08
1132,1001-2012,5/31/2012 4:23,52.9082092,5.437127,4,5/31/2012 04:23:17
1133,1001-2012,5/31/2012 4:53,52.9080282,5.4373481,4,5/31/2012 04:53:08
1134,1001-2012,5/31/2012 5:22,52.9078476,5.4373654,4,5/31/2012 05:22:59
1135,1001-2012,5/31/2012 5:53,52.9206802,5.4327116,4,5/31/2012 05:53:07
1136,1001-2012,5/31/2012 6:54,52.9203984,5.4326465,4,5/31/2012 06:54:42
1137,1001-2012,5/31/2012 7:25,52.9204481,5.4327934,4,5/31/2012 07:25:10
1138,1001-2012,5/31/2012 7:55,52.9207132,5.4328117,4,5/31/2012 07:55:43
1139,1001-2012,5/31/2012 8:25,52.9204785,5.4326307,4,5/31/2012 08:25:47
1140,1001-2012,5/31/2012 8:55,52.9205996,5.4329082,4,5/31/2012 08:55:51
1141,1001-2012,5/31/2012 9:26,52.9204282,5.4329129,4,5/31/2012 09:26:19
1142,1001-2012,5/31/2012 9:58,52.9204452,5.4333194,4,5/31/2012 09:58:32
1143,1001-2012,5/31/2012 10:29,52.9206765,5.4325466,4,5/31/2012 10:29:13
1144,1001-2012,5/31/2012 11:00,52.9209474,5.4330753,4,5/31/2012 11:00:42
1145,1001-2012,5/31/2012 11:31,52.9208513,5.4329101,4,5/31/2012 11:31:10
1146,1001-2012,5/31/2012 12:01,52.9203035,5.4325975,4,5/31/2012 12:01:36
1147,1001-2012,5/31/2012 12:31,52.9205715,5.4325425,4,5/31/2012 12:31:45
1148,1001-2012,5/31/2012 13:01,52.9206163,5.4329479,4,5/31/2012 13:01:55
1149,1001-2012,5/31/2012 13:31,52.9206868,5.4327483,4,5/31/2012 13:31:55
1150,1001-2012,5/31/2012 14:03,52.9204729,5.4331899,4,5/31/2012 14:03:39
1151,1001-2012,5/31/2012 14:33,52.9203947,5.4331117,4,5/31/2012 14:33:42
1152,1001-2012,5/31/2012 15:03,52.9204533,5.4329953,4,5/31/2012 15:03:31
1153,1001-2012,5/31/2012 15:33,52.920495,5.4327021,4,5/31/2012 15:33:38
1154,1001-2012,5/31/2012 16:03,52.9206487,5.4329079,4,5/31/2012 16:03:58
1155,1001-2012,5/31/2012 16:33,52.9198299,5.43312,4,5/31/2012 16:33:51
1156,1001-2012,5/31/2012 17:03,52.9197769,5.4330219,4,5/31/2012 17:03:44
1157,1001-2012,5/31/2012 17:34,52.919911,5.4331085,4,5/31/2012 17:34:07
1158,1001-2012,5/31/2012 18:04,52.920306,5.4328925,4,5/31/2012 18:04:14
1159,1001-2012,5/31/2012 18:35,52.9202266,5.4322961,4,5/31/2012 18:35:28
1160,1001-2012,5/31/2012 19:06,52.9206988,5.4322373,4,5/31/2012 19:06:03
1161,1001-2012,5/31/2012 19:38,52.9208746,5.4332493,4,5/31/2012 19:38:38
1162,1001-2012,5/31/2012 20:08,52.9197148,5.4330995,4,5/31/2012 20:08:29
1163,1001-2012,5/31/2012 20:38,52.9199758,5.4334791,4,5/31/2012 20:38:59
1164,1001-2012,5/31/2012 21:09,52.9150167,5.4095999,4,5/31/2012 21:09:09
1165,1001-2012,5/31/2012 21:39,52.9149852,5.4093963,4,5/31/2012 21:39:08
1166,1001-2012,5/31/2012 22:09,52.9150711,5.4092679,4,5/31/2012 22:09:18
1167,1001-2012,5/31/2012 22:39,52.9151016,5.4092168,4,5/31/2012 22:39:09
1168,1001-2012,5/31/2012 23:09,52.9150853,5.409257,4,5/31/2012 23:09:12
1169,1001-2012,5/31/2012 23:39,52.9151323,5.4090429,4,5/31/2012 23:39:33
1170,1001-2012,6/1/2012 0:10,52.9150087,5.4093341,4,6/01/2012 00:10:03
1171,1001-2012,6/1/2012 0:39,52.9150029,5.4093395,4,6/01/2012 00:39:56
1172,1001-2012,6/1/2012 1:09,52.9149783,5.4094303,4,6/01/2012 01:09:48
1173,1001-2012,6/1/2012 1:39,52.9150027,5.4093847,4,6/01/2012 01:39:55
1174,1001-2012,6/1/2012 2:10,52.9149826,5.4095575,4,6/01/2012 02:10:10
1175,1001-2012,6/1/2012 2:39,52.9149486,5.4099231,4,6/01/2012 02:39:56
1176,1001-2012,6/1/2012 3:10,52.915023,5.409314,4,6/01/2012 03:10:04
1177,1001-2012,6/1/2012 3:40,52.9197902,5.4332427,4,6/01/2012 03:40:10
1178,1001-2012,6/1/2012 4:10,52.9205148,5.4327729,4,6/01/2012 04:10:35
1179,1001-2012,6/1/2012 4:40,52.9207366,5.4327388,4,6/01/2012 04:40:42
1180,1001-2012,6/1/2012 5:10,52.9208501,5.4329109,4,6/01/2012 05:10:35
1181,1001-2012,6/1/2012 5:40,52.9205631,5.432343,4,6/01/2012 05:40:37
1182,1001-2012,6/1/2012 6:10,52.9205265,5.4331282,4,6/01/2012 06:10:46
1183,1001-2012,6/1/2012 6:41,52.920778,5.4332721,4,6/01/2012 06:41:40
1184,1001-2012,6/1/2012 7:11,52.920814,5.4329402,4,6/01/2012 07:11:37
1185,1001-2012,6/1/2012 7:41,52.9208415,5.4330268,4,6/01/2012 07:41:31
1186,1001-2012,6/1/2012 8:12,52.9208578,5.4329381,4,6/01/2012 08:12:09
1187,1001-2012,6/1/2012 8:42,52.9210834,5.4331159,4,6/01/2012 08:42:33
1188,1001-2012,6/1/2012 9:12,52.9197058,5.4329107,4,6/01/2012 09:12:24
1189,1001-2012,6/1/2012 9:42,52.9204251,5.4328726,4,6/01/2012 09:42:50
1190,1001-2012,6/1/2012 10:12,52.9196713,5.4332934,4,6/01/2012 10:12:43
1191,1001-2012,6/1/2012 11:13,52.9208484,5.4329307,4,6/01/2012 11:13:09
1192,1001-2012,6/1/2012 11:43,52.9208955,5.4329071,4,6/01/2012 11:43:45
1193,1001-2012,6/1/2012 12:13,52.9208401,5.4329006,4,6/01/2012 12:13:45
1194,1001-2012,6/1/2012 12:44,52.9208411,5.4329317,4,6/01/2012 12:44:06
1195,1001-2012,6/1/2012 13:14,52.9205569,5.4324497,4,6/01/2012 13:14:16
1196,1001-2012,6/1/2012 13:44,52.9196823,5.4333245,4,6/01/2012 13:44:07
1197,1001-2012,6/1/2012 14:13,52.920798,5.4316059,4,6/01/2012 14:13:59
1198,1001-2012,6/1/2012 14:44,52.9196485,5.4334162,4,6/01/2012 14:44:09
1199,1001-2012,6/1/2012 15:14,52.9200857,5.433736,4,6/01/2012 15:14:24
1200,1001-2012,6/1/2012 16:14,52.9199366,5.4327752,4,6/01/2012 16:14:35
1201,1001-2012,6/1/2012 16:44,52.9206508,5.4329274,4,6/01/2012 16:44:23
1202,1001-2012,6/1/2012 17:14,52.9206474,5.4329341,4,6/01/2012 17:14:39
1203,1001-2012,6/1/2012 17:44,52.9208651,5.4329302,4,6/01/2012 17:44:51
1204,1001-2012,6/1/2012 18:15,52.9208482,5.4329211,4,6/01/2012 18:15:33
1205,1001-2012,6/1/2012 18:45,52.9208814,5.4332604,4,6/01/2012 18:45:37
1206,1001-2012,6/1/2012 19:15,52.9205793,5.4329133,4,6/01/2012 19:15:40
1207,1001-2012,6/1/2012 19:46,52.9208283,5.4329949,4,6/01/2012 19:46:30
1208,1001-2012,6/1/2012 20:16,52.9208293,5.4329685,4,6/01/2012 20:16:23
1209,1001-2012,6/1/2012 20:46,52.9208474,5.4329399,4,6/01/2012 20:46:39
1210,1001-2012,6/1/2012 21:16,52.9208364,5.4329374,4,6/01/2012 21:16:53
1211,1001-2012,6/1/2012 21:46,52.920873,5.4329414,4,6/01/2012 21:46:45
1212,1001-2012,6/1/2012 22:16,52.9173451,5.4222031,4,6/01/2012 22:16:39
1213,1001-2012,6/1/2012 22:46,52.9208393,5.4329373,4,6/01/2012 22:46:28
1214,1001-2012,6/1/2012 23:16,52.9208553,5.4329401,4,6/01/2012 23:16:45
1215,1001-2012,6/1/2012 23:47,52.921155,5.433226,4,6/01/2012 23:47:10
1216,1001-2012,6/2/2012 0:17,52.9208614,5.4329235,4,6/02/2012 00:17:40
1217,1001-2012,6/2/2012 0:47,52.9309199,5.4399488,4,6/02/2012 00:47:46
1218,1001-2012,6/2/2012 1:17,52.9208511,5.4329248,4,6/02/2012 01:17:38
1219,1001-2012,6/2/2012 1:47,52.9201477,5.4316952,4,6/02/2012 01:47:32
1220,1001-2012,6/2/2012 2:17,52.920859,5.4329043,4,6/02/2012 02:17:34
1221,1001-2012,6/2/2012 2:47,52.9208768,5.4329259,4,6/02/2012 02:47:29
1222,1001-2012,6/2/2012 3:17,52.9208481,5.4328933,4,6/02/2012 03:17:23
1223,1001-2012,6/2/2012 3:47,52.9197318,5.4328618,4,6/02/2012 03:47:28
1224,1001-2012,6/2/2012 4:17,52.9198535,5.4327108,4,6/02/2012 04:17:53
1225,1001-2012,6/2/2012 4:48,52.9208713,5.4328822,4,6/02/2012 04:48:43
1226,1001-2012,6/2/2012 5:19,52.9208502,5.4329348,4,6/02/2012 05:19:09
1227,1001-2012,6/2/2012 5:49,52.9208478,5.4329062,4,6/02/2012 05:49:20
1228,1001-2012,6/2/2012 6:19,52.9198446,5.4329361,4,6/02/2012 06:19:12
1229,1001-2012,6/2/2012 6:49,52.9199533,5.4331987,4,6/02/2012 06:49:04
1230,1001-2012,6/2/2012 7:19,52.9208067,5.4330184,4,6/02/2012 07:19:01
1231,1001-2012,6/2/2012 7:49,52.92077,5.4333656,4,6/02/2012 07:49:10
1232,1001-2012,6/2/2012 8:18,52.9206821,5.4333959,4,6/02/2012 08:18:58
1233,1001-2012,6/2/2012 8:49,52.9206392,5.4329643,4,6/02/2012 08:49:34
1234,1001-2012,6/2/2012 9:19,52.9208625,5.4329319,4,6/02/2012 09:19:29
1235,1001-2012,6/2/2012 9:49,52.9208686,5.4329525,4,6/02/2012 09:49:19
1236,1001-2012,6/2/2012 10:19,52.9208449,5.4329096,4,6/02/2012 10:19:25
1237,1001-2012,6/2/2012 10:50,52.9208213,5.4329801,4,6/02/2012 10:50:04
1238,1001-2012,6/2/2012 11:20,52.9206745,5.433268,4,6/02/2012 11:20:04
1239,1001-2012,6/2/2012 11:49,52.9211406,5.4329147,4,6/02/2012 11:49:51
1240,1001-2012,6/2/2012 12:20,52.9213476,5.4325658,4,6/02/2012 12:20:15
1241,1001-2012,6/2/2012 12:50,52.9208214,5.4319477,4,6/02/2012 12:50:37
1242,1001-2012,6/2/2012 13:20,52.9209594,5.4318523,4,6/02/2012 13:20:31
1243,1001-2012,6/2/2012 13:50,52.9212109,5.4315443,4,6/02/2012 13:50:36
1244,1001-2012,6/2/2012 14:20,52.9211693,5.4315849,4,6/02/2012 14:20:30
1245,1001-2012,6/2/2012 14:51,52.92088,5.4329295,4,6/02/2012 14:51:46
1246,1001-2012,6/2/2012 15:22,52.9208847,5.432959,4,6/02/2012 15:22:03
1247,1001-2012,6/2/2012 15:52,52.9208976,5.4329318,4,6/02/2012 15:52:04
1248,1001-2012,6/2/2012 16:22,52.9209113,5.4330438,4,6/02/2012 16:22:30
1249,1001-2012,6/2/2012 16:52,52.9198111,5.433062,4,6/02/2012 16:52:59
1250,1001-2012,6/2/2012 17:23,52.9205263,5.4333107,4,6/02/2012 17:23:39
1251,1001-2012,6/2/2012 17:54,52.9206317,5.4330707,4,6/02/2012 17:54:13
1252,1001-2012,6/2/2012 18:24,52.9205475,5.4332617,4,6/02/2012 18:24:11
1253,1001-2012,6/2/2012 18:54,52.9205389,5.4333841,4,6/02/2012 18:54:14
1254,1001-2012,6/2/2012 19:24,52.9201445,5.4336689,4,6/02/2012 19:24:11
1255,1001-2012,6/2/2012 19:54,52.9207781,5.4332155,4,6/02/2012 19:54:36
1256,1001-2012,6/2/2012 20:24,52.9196992,5.4328964,4,6/02/2012 20:24:57
1257,1001-2012,6/2/2012 20:55,52.9195838,5.4328721,4,6/02/2012 20:55:06
1258,1001-2012,6/2/2012 21:25,52.9195162,5.4327797,4,6/02/2012 21:25:15
1259,1001-2012,6/2/2012 21:55,52.9149628,5.4093745,4,6/02/2012 21:55:07
1260,1001-2012,6/2/2012 22:24,52.9149729,5.4093805,4,6/02/2012 22:24:59
1261,1001-2012,6/2/2012 22:55,52.9149841,5.4094072,4,6/02/2012 22:55:15
1262,1001-2012,6/2/2012 23:25,52.9150562,5.4091909,4,6/02/2012 23:25:28
1263,1001-2012,6/2/2012 23:55,52.9150303,5.409368,4,6/02/2012 23:55:35
1264,1001-2012,6/3/2012 0:25,52.915024,5.4093705,4,6/03/2012 00:25:29
1265,1001-2012,6/3/2012 0:55,52.9150198,5.4093648,4,6/03/2012 00:55:37
1266,1001-2012,6/3/2012 1:25,52.915006,5.4093326,4,6/03/2012 01:25:29
1267,1001-2012,6/3/2012 1:55,52.9150452,5.4094152,4,6/03/2012 01:55:42
1268,1001-2012,6/3/2012 2:26,52.9150266,5.4099645,4,6/03/2012 02:26:09
1269,1001-2012,6/3/2012 2:56,52.9196195,5.4328477,4,6/03/2012 02:56:07
1270,1001-2012,6/3/2012 3:26,52.9194978,5.4327304,4,6/03/2012 03:26:01
1271,1001-2012,6/3/2012 3:56,52.920385,5.4326164,4,6/03/2012 03:56:11
1272,1001-2012,6/3/2012 4:25,52.9195134,5.4328877,4,6/03/2012 04:25:59
1273,1001-2012,6/3/2012 4:55,52.9208115,5.4329683,4,6/03/2012 04:55:56
1274,1001-2012,6/3/2012 5:26,52.9208869,5.4329297,4,6/03/2012 05:26:29
1275,1001-2012,6/3/2012 5:56,52.9208316,5.4329255,4,6/03/2012 05:56:39
1276,1001-2012,6/3/2012 6:28,52.9208347,5.4329234,4,6/03/2012 06:28:56
1277,1001-2012,6/3/2012 6:58,52.9208516,5.4329089,4,6/03/2012 06:58:48
1278,1001-2012,6/3/2012 7:29,52.9208549,5.4329938,4,6/03/2012 07:29:13
1279,1001-2012,6/3/2012 7:59,52.9205453,5.4332981,4,6/03/2012 07:59:08
1280,1001-2012,6/3/2012 8:29,52.9196825,5.4330655,4,6/03/2012 08:29:27
1281,1001-2012,6/3/2012 8:59,52.9200919,5.4334969,4,6/03/2012 08:59:51
1282,1001-2012,6/3/2012 9:29,52.9205227,5.4333884,4,6/03/2012 09:29:59
1283,1001-2012,6/3/2012 10:00,52.9209775,5.4326518,4,6/03/2012 10:00:02
1284,1001-2012,6/3/2012 10:30,52.9208532,5.432917,4,6/03/2012 10:30:39
1285,1001-2012,6/3/2012 11:01,52.9208702,5.4328933,4,6/03/2012 11:01:45
1286,1001-2012,6/3/2012 11:32,52.920865,5.4329071,4,6/03/2012 11:32:10
1287,1001-2012,6/3/2012 12:02,52.9208139,5.4329354,4,6/03/2012 12:02:05
1288,1001-2012,6/3/2012 12:34,52.9207383,5.4331642,4,6/03/2012 12:34:28
1289,1001-2012,6/3/2012 13:34,52.9208543,5.4328648,4,6/03/2012 13:34:49
1290,1001-2012,6/3/2012 14:05,52.9208531,5.4329349,4,6/03/2012 14:05:06
1291,1001-2012,6/3/2012 14:34,52.9199022,5.4331537,4,6/03/2012 14:34:59
1292,1001-2012,6/3/2012 15:05,52.9201087,5.4334865,4,6/03/2012 15:05:04
1293,1001-2012,6/3/2012 15:35,52.9201537,5.4337641,4,6/03/2012 15:35:40
1294,1001-2012,6/3/2012 16:05,52.9196598,5.4333594,4,6/03/2012 16:05:43
1295,1001-2012,6/3/2012 16:35,52.9196096,5.4333847,4,6/03/2012 16:35:30
1296,1001-2012,6/3/2012 17:05,52.9208382,5.4327864,4,6/03/2012 17:05:50
1297,1001-2012,6/3/2012 17:36,52.9218696,5.4394659,4,6/03/2012 17:36:12
1298,1001-2012,6/3/2012 18:06,52.9222425,5.4388998,4,6/03/2012 18:06:39
1299,1001-2012,6/3/2012 18:37,52.9202816,5.4335782,4,6/03/2012 18:37:38
1300,1001-2012,6/3/2012 19:07,52.9202036,5.4336547,4,6/03/2012 19:07:47
1301,1001-2012,6/3/2012 19:37,52.9207768,5.4333124,4,6/03/2012 19:37:39
1302,1001-2012,6/3/2012 20:07,52.9235669,5.4374511,4,6/03/2012 20:07:31
1303,1001-2012,6/3/2012 20:37,52.9209043,5.4331463,4,6/03/2012 20:37:44
1304,1001-2012,6/3/2012 21:07,52.9148494,5.4095653,4,6/03/2012 21:07:43
1305,1001-2012,6/3/2012 21:38,52.9149136,5.4095741,4,6/03/2012 21:38:09
1306,1001-2012,6/3/2012 22:08,52.9149017,5.4095602,4,6/03/2012 22:08:17
1307,1001-2012,6/3/2012 22:38,52.9149032,5.4095578,4,6/03/2012 22:38:10
1308,1001-2012,6/3/2012 23:08,52.9149296,5.4094663,4,6/03/2012 23:08:01
1309,1001-2012,6/3/2012 23:37,52.9150469,5.4094132,4,6/03/2012 23:37:58
1310,1001-2012,6/4/2012 0:08,52.9150274,5.4093936,4,6/04/2012 00:08:33
1311,1001-2012,6/4/2012 0:38,52.9150279,5.4094119,4,6/04/2012 00:38:23
1312,1001-2012,6/4/2012 1:08,52.9150241,5.4094106,4,6/04/2012 01:08:19
1313,1001-2012,6/4/2012 1:38,52.9150499,5.4094124,4,6/04/2012 01:38:27
1314,1001-2012,6/4/2012 2:08,52.9150169,5.4094327,4,6/04/2012 02:08:31
1315,1001-2012,6/4/2012 2:38,52.9149381,5.4099806,4,6/04/2012 02:38:24
1316,1001-2012,6/4/2012 3:09,52.919672,5.4328088,4,6/04/2012 03:09:04
1317,1001-2012,6/4/2012 3:40,52.9197722,5.4328685,4,6/04/2012 03:40:16
1318,1001-2012,6/4/2012 4:10,52.9208654,5.4328022,4,6/04/2012 04:10:25
1319,1001-2012,6/4/2012 4:40,52.9208795,5.432798,4,6/04/2012 04:40:32
1320,1001-2012,6/4/2012 5:12,52.920867,5.432915,4,6/04/2012 05:12:09
1321,1001-2012,6/4/2012 5:42,52.9207736,5.432818,4,6/04/2012 05:42:21
1322,1001-2012,6/4/2012 6:13,52.9197378,5.4329808,4,6/04/2012 06:13:19
1323,1001-2012,6/4/2012 6:44,52.9198576,5.4331988,4,6/04/2012 06:44:45
1324,1001-2012,6/4/2012 7:15,52.920849,5.4326968,4,6/04/2012 07:15:24
1325,1001-2012,6/4/2012 7:45,52.9208863,5.4327132,4,6/04/2012 07:45:40
1326,1001-2012,6/4/2012 8:17,52.9208833,5.4329295,4,6/04/2012 08:17:34
1327,1001-2012,6/4/2012 8:47,52.920412,5.4318316,4,6/04/2012 08:47:26
1328,1001-2012,6/4/2012 9:17,52.9207576,5.4331389,4,6/04/2012 09:17:19
1329,1001-2012,6/4/2012 9:47,52.9209649,5.4329942,4,6/04/2012 09:47:11
1330,1001-2012,6/4/2012 10:17,52.9208631,5.432907,4,6/04/2012 10:17:33
1331,1001-2012,6/4/2012 10:47,52.9208571,5.432888,4,6/04/2012 10:47:30
1332,1001-2012,6/4/2012 11:17,52.9208825,5.4329046,4,6/04/2012 11:17:34
1333,1001-2012,6/4/2012 11:47,52.919964,5.4325002,4,6/04/2012 11:47:24
1334,1001-2012,6/4/2012 12:17,52.9199616,5.432449,4,6/04/2012 12:17:19
1335,1001-2012,6/4/2012 12:47,52.9201287,5.4294864,4,6/04/2012 12:47:39
1336,1001-2012,6/4/2012 13:17,52.9226011,5.4394994,4,6/04/2012 13:17:47
1337,1001-2012,6/4/2012 13:47,52.9251388,5.4413157,4,6/04/2012 13:47:41
1338,1001-2012,6/4/2012 14:17,52.920209,5.4324022,4,6/04/2012 14:17:35
1339,1001-2012,6/4/2012 14:47,52.9207566,5.4331191,4,6/04/2012 14:47:39
1340,1001-2012,6/4/2012 15:18,52.9208663,5.4329064,4,6/04/2012 15:18:03
1341,1001-2012,6/4/2012 15:49,52.9202626,5.4321876,4,6/04/2012 15:49:46
1342,1001-2012,6/4/2012 16:19,52.9206222,5.4330588,4,6/04/2012 16:19:57
1343,1001-2012,6/4/2012 16:50,52.9207829,5.4324336,4,6/04/2012 16:50:08
1344,1001-2012,6/4/2012 17:20,52.9198157,5.4327649,4,6/04/2012 17:20:31
1345,1001-2012,6/4/2012 17:51,52.9208901,5.4321479,4,6/04/2012 17:51:11
1346,1001-2012,6/4/2012 18:21,52.9208568,5.4329358,4,6/04/2012 18:21:27
1347,1001-2012,6/4/2012 18:52,52.9200586,5.4325882,4,6/04/2012 18:52:27
1348,1001-2012,6/4/2012 19:22,52.9204438,5.4328066,4,6/04/2012 19:22:35
1349,1001-2012,6/4/2012 19:52,52.92084,5.4323931,4,6/04/2012 19:52:26
1350,1001-2012,6/4/2012 20:22,52.921024,5.4316485,4,6/04/2012 20:22:39
1351,1001-2012,6/4/2012 20:52,52.9150795,5.4095583,4,6/04/2012 20:52:44
1352,1001-2012,6/4/2012 21:22,52.9149609,5.4091131,4,6/04/2012 21:22:32
1353,1001-2012,6/4/2012 21:52,52.9148539,5.4091715,4,6/04/2012 21:52:25
1354,1001-2012,6/4/2012 22:22,52.914869,5.4091559,4,6/04/2012 22:22:19
1355,1001-2012,6/4/2012 22:52,52.9148507,5.4091364,4,6/04/2012 22:52:37
1356,1001-2012,6/4/2012 23:22,52.9148867,5.4091031,4,6/04/2012 23:22:31
1357,1001-2012,6/4/2012 23:52,52.9149337,5.4092082,4,6/04/2012 23:52:23
